10
11 3 3
2 3 11 14 24 33 40 48 52 55 58 
12 10 7
7 14 16 19 23 30 34 37 39 44 46 54 
63 1 4
7 10 12 21 31 37 46 54 56 64 67 72 73 80 86 89 92 94 100 107 112 115 116 125 129 134 144 147 156 166 169 176 179 185 191 193 194 200 202 207 210 216 217 222 224 230 239 245 252 259 262 265 274 277 280 284 293 295 303 313 317 319 325 
38 9 3
9 11 19 21 27 28 36 42 49 50 53 59 66 75 77 78 81 83 88 93 100 103 111 117 119 120 128 138 146 154 164 173 182 192 202 206 216 225 
11 8 4
3 6 14 17 23 31 36 45 49 50 55 
86 9 3
10 11 21 30 39 46 56 63 69 78 86 87 97 106 108 118 128 134 138 147 148 158 166 173 183 184 192 197 205 213 220 229 237 243 252 258 262 263 267 276 277 281 283 286 290 295 297 302 312 317 320 330 336 338 345 351 355 361 363 364 367 375 377 387 392 402 408 416 426 427 436 437 441 451 454 463 467 471 474 479 489 494 501 507 515 518 
31 3 8
2 6 8 9 16 17 22 28 36 40 46 55 57 65 69 72 82 85 93 98 105 108 112 116 117 126 127 130 131 135 137 
44 9 7
4 9 14 24 26 29 33 42 45 52 58 66 68 75 77 78 79 88 93 100 102 107 114 118 125 135 142 152 155 162 166 175 178 187 195 200 201 204 207 212 214 215 217 220 
77 6 5
10 14 24 32 37 41 45 53 56 59 66 68 74 79 87 93 101 107 110 112 120 128 134 136 145 151 156 159 164 174 181 185 188 194 195 204 214 220 229 231 232 239 244 252 253 255 258 266 273 278 279 285 287 296 303 305 309 313 317 327 332 333 336 344 350 355 363 368 371 379 387 390 396 399 409 416 420 
82 6 1
8 17 25 27 34 41 44 46 48 55 57 63 70 76 81 83 86 91 100 105 107 113 122 130 140 148 154 160 161 164 172 180 181 188 189 196 201 205 214 220 222 224 228 238 245 253 256 265 267 268 271 277 286 287 292 300 310 312 317 327 331 333 343 348 349 351 354 361 368 371 376 384 388 396 403 406 413 423 424 433 435 441 