100
84 10 46
27 89 104 141 173 206 218 241 282 366 437 500 515 526 625 654 699 759 802 825 898 998 1063 1140 1226 1267 1273 1358 1382 1397 1427 1430 1458 1555 1646 1657 1686 1740 1826 1847 1884 1940 2023 2074 2092 2174 2205 2219 2312 2337 2426 2491 2567 2620 2713 2774 2819 2917 3014 3034 3098 3125 3147 3238 3313 3378 3380 3435 3453 3540 3615 3670 3764 3774 3779 3842 3933 4021 4049 4084 4096 4112 4211 4251 
20 91 100
64 104 201 237 292 367 376 421 422 495 593 648 739 775 804 901 982 1072 1125 1168 
80 40 23
66 70 108 172 215 225 231 325 398 495 537 597 648 664 733 781 797 838 935 957 1040 1073 1076 1155 1220 1312 1344 1404 1428 1451 1533 1622 1700 1771 1776 1796 1876 1886 1900 1905 1964 2019 2083 2092 2115 2147 2155 2245 2270 2275 2287 2346 2435 2449 2539 2592 2649 2722 2734 2814 2909 3002 3071 3144 3208 3281 3325 3368 3402 3459 3506 3598 3662 3725 3778 3816 3862 3922 4001 4071 
64 42 81
52 59 129 134 198 240 308 351 439 452 515 575 651 738 742 812 833 845 914 978 1005 1036 1052 1068 1096 1172 1267 1365 1404 1492 1522 1565 1660 1759 1858 1916 2008 2026 2078 2157 2187 2202 2241 2298 2299 2393 2420 2493 2550 2597 2634 2670 2699 2751 2802 2858 2937 3034 3039 3109 3194 3228 3292 3323 
84 62 88
75 154 245 299 308 313 357 374 432 521 564 646 691 732 802 834 903 977 1012 1037 1089 1120 1201 1222 1289 1304 1388 1485 1583 1680 1716 1789 1817 1844 1922 2010 2093 2114 2118 2210 2271 2318 2392 2397 2436 2479 2568 2576 2644 2667 2751 2771 2776 2840 2932 3004 3034 3062 3082 3110 3134 3190 3242 3293 3375 3404 3494 3510 3511 3605 3613 3674 3766 3799 3816 3846 3873 3878 3915 4010 4089 4161 4175 4259 
36 57 7
65 149 175 219 279 360 455 517 531 606 658 740 767 812 901 940 976 1049 1057 1122 1221 1285 1339 1432 1475 1500 1558 1584 1596 1663 1695 1724 1774 1783 1855 1864 
42 19 23
55 100 174 210 282 300 376 438 491 539 608 677 776 809 831 922 997 1096 1097 1149 1159 1226 1261 1299 1367 1410 1472 1501 1585 1665 1716 1807 1883 1907 1985 2084 2177 2231 2292 2337 2390 2419 
65 51 13
87 181 268 353 447 537 583 595 619 703 734 753 850 909 963 1039 1100 1144 1147 1231 1253 1255 1331 1358 1420 1492 1571 1613 1702 1732 1787 1862 1885 1978 1989 2057 2092 2100 2179 2189 2280 2341 2369 2408 2428 2510 2576 2656 2733 2802 2818 2916 2986 3029 3053 3136 3203 3258 3334 3389 3473 3555 3636 3694 3769 
43 25 61
50 105 175 268 283 333 364 450 481 578 596 603 668 701 758 844 871 903 923 1016 1102 1197 1296 1317 1394 1425 1503 1506 1579 1633 1696 1771 1779 1811 1830 1905 1986 2035 2095 2158 2255 2332 2354 
13 61 30
98 186 247 316 348 447 511 594 665 705 718 767 809 
38 54 56
12 74 113 143 231 251 281 328 362 441 517 524 615 651 687 728 803 852 861 868 967 1039 1128 1197 1260 1313 1382 1438 1528 1551 1562 1615 1651 1701 1735 1758 1779 1795 
21 6 94
96 109 145 177 277 353 359 407 444 508 554 562 614 681 704 761 796 874 972 981 1022 
51 44 90
36 54 116 167 206 273 369 403 434 466 531 562 621 644 722 817 903 979 1034 1072 1114 1191 1237 1265 1319 1362 1399 1493 1538 1618 1653 1734 1832 1880 1963 1999 2066 2097 2118 2215 2277 2363 2442 2462 2470 2479 2494 2587 2671 2740 2822 
77 97 27
4 6 28 68 116 182 202 284 330 399 481 562 618 666 677 753 849 873 886 961 1056 1128 1211 1272 1289 1307 1336 1434 1528 1605 1682 1779 1858 1956 1993 2019 2034 2042 2101 2114 2142 2182 2275 2358 2397 2452 2462 2497 2575 2650 2659 2731 2777 2820 2853 2915 2975 2988 3000 3053 3095 3135 3136 3156 3245 3334 3379 3382 3478 3481 3496 3571 3666 3725 3734 3767 3780 
71 67 42
45 72 138 228 249 299 303 383 445 460 544 547 601 638 712 754 779 849 893 966 1039 1050 1097 1116 1185 1193 1244 1326 1404 1474 1549 1571 1619 1659 1722 1791 1880 1946 1994 1997 2077 2161 2218 2303 2323 2354 2380 2424 2524 2546 2562 2586 2618 2633 2675 2727 2749 2794 2879 2978 2992 3052 3124 3185 3284 3318 3347 3387 3487 3516 3558 
31 12 50
16 99 179 272 298 330 344 438 493 590 598 647 696 777 870 903 934 992 1084 1086 1156 1199 1234 1285 1319 1353 1432 1507 1572 1614 1638 
32 24 56
24 25 112 150 244 337 423 476 569 603 688 725 744 759 853 915 931 947 1003 1006 1072 1161 1249 1345 1360 1412 1449 1488 1523 1535 1581 1640 
12 84 48
58 86 119 129 150 217 312 321 358 419 474 572 
77 70 54
31 66 108 126 208 265 287 357 404 460 541 585 599 643 670 731 732 786 832 843 869 881 938 973 1073 1090 1179 1276 1321 1331 1381 1408 1504 1548 1593 1670 1770 1836 1882 1980 2001 2079 2120 2207 2228 2247 2346 2368 2392 2436 2520 2570 2577 2617 2653 2659 2667 2743 2746 2751 2836 2840 2871 2951 2998 3025 3081 3179 3271 3272 3367 3432 3462 3549 3600 3650 3655 
49 71 81
45 99 181 232 277 294 351 404 496 555 564 640 702 793 848 909 927 989 1047 1108 1122 1127 1152 1195 1238 1265 1357 1457 1485 1548 1628 1700 1768 1829 1851 1864 1893 1971 1988 2008 2096 2121 2168 2170 2237 2290 2352 2436 2502 
71 45 79
75 96 169 239 287 351 420 447 525 625 723 769 829 900 910 998 1047 1073 1132 1220 1270 1327 1416 1484 1545 1547 1599 1625 1698 1746 1802 1901 1969 1997 2065 2132 2223 2259 2352 2373 2408 2498 2516 2562 2623 2650 2735 2796 2848 2943 2991 3044 3095 3184 3204 3267 3357 3380 3468 3530 3600 3643 3656 3746 3816 3896 3952 3965 4033 4082 4167 
54 90 2
52 54 134 170 232 263 346 408 443 476 526 580 628 719 748 783 788 886 916 933 972 1023 1119 1214 1229 1244 1339 1390 1459 1543 1595 1615 1701 1784 1839 1938 1951 1988 2000 2099 2121 2134 2139 2160 2164 2197 2252 2260 2342 2378 2454 2475 2562 2633 
15 53 86
9 13 19 63 70 95 176 266 297 377 431 451 494 547 640 
56 57 13
11 100 119 189 259 314 359 449 542 609 665 762 766 830 930 939 999 1058 1091 1131 1179 1195 1266 1267 1354 1368 1373 1452 1473 1534 1577 1608 1657 1718 1818 1889 1956 2000 2060 2071 2081 2097 2105 2119 2150 2209 2283 2373 2390 2449 2531 2547 2621 2673 2742 2802 
17 73 90
37 71 103 170 204 248 314 318 329 390 406 427 450 533 613 701 766 
91 61 55
7 26 62 137 181 220 263 266 322 389 433 525 625 700 711 797 816 844 885 966 1055 1111 1164 1227 1317 1350 1400 1455 1478 1488 1497 1578 1659 1755 1762 1786 1872 1921 2000 2041 2057 2079 2164 2231 2328 2423 2475 2542 2616 2709 2756 2770 2870 2969 3045 3135 3218 3243 3339 3396 3483 3539 3577 3644 3647 3743 3785 3873 3918 3938 4019 4031 4073 4138 4168 4206 4217 4299 4355 4439 4465 4467 4565 4642 4694 4767 4785 4820 4870 4883 4974 
88 20 80
54 76 152 247 257 329 396 486 569 577 631 695 792 808 905 957 1008 1030 1035 1135 1186 1242 1267 1287 1377 1451 1536 1569 1630 1634 1646 1712 1738 1777 1789 1824 1834 1912 1936 1980 2065 2094 2102 2135 2231 2235 2319 2365 2443 2531 2577 2657 2753 2823 2922 3007 3102 3185 3202 3209 3296 3377 3449 3513 3532 3567 3665 3746 3759 3832 3856 3905 3958 4041 4075 4123 4210 4279 4324 4340 4397 4439 4534 4538 4601 4646 4734 4791 
28 57 15
66 155 241 270 277 350 428 515 552 602 665 750 804 849 919 972 1055 1094 1191 1289 1336 1427 1471 1521 1574 1663 1700 1762 
68 45 76
85 118 132 145 237 323 413 443 465 556 648 706 750 839 867 963 1034 1052 1096 1117 1181 1215 1231 1244 1283 1287 1336 1436 1459 1505 1532 1539 1617 1709 1780 1801 1878 1938 1989 2039 2041 2135 2195 2292 2374 2413 2505 2510 2566 2654 2679 2698 2771 2863 2894 2905 3001 3032 3094 3164 3192 3281 3358 3416 3448 3495 3573 3634 
59 28 10
12 86 107 116 171 230 330 389 455 494 529 565 577 604 622 644 718 767 803 898 974 1050 1121 1154 1161 1231 1294 1361 1441 1483 1512 1603 1618 1667 1766 1836 1896 1947 2027 2104 2193 2260 2273 2325 2370 2400 2474 2544 2574 2583 2647 2705 2789 2876 2966 3008 3064 3068 3077 
87 46 37
77 137 174 250 331 427 505 518 591 657 736 773 791 866 932 975 1019 1115 1118 1125 1130 1168 1261 1307 1386 1486 1536 1623 1709 1804 1879 1894 1900 1912 1954 2041 2100 2119 2218 2249 2285 2314 2333 2386 2389 2474 2521 2567 2599 2600 2604 2640 2678 2727 2808 2825 2873 2955 3010 3096 3172 3254 3354 3388 3481 3522 3542 3593 3604 3674 3708 3754 3852 3904 3955 4055 4143 4240 4285 4356 4454 4502 4560 4647 4743 4834 4889 
96 72 62
33 133 176 260 293 328 404 408 445 531 604 674 705 775 849 882 951 964 994 1059 1095 1174 1238 1331 1348 1360 1395 1467 1526 1585 1618 1709 1719 1794 1820 1914 1975 1976 2073 2170 2208 2229 2248 2268 2358 2402 2455 2465 2521 2555 2581 2624 2688 2777 2865 2945 3045 3067 3118 3128 3160 3195 3295 3336 3345 3370 3456 3477 3554 3636 3654 3720 3774 3862 3948 3991 4022 4112 4116 4154 4177 4258 4339 4425 4495 4515 4532 4553 4594 4662 4693 4718 4772 4854 4871 4934 
59 3 83
35 71 123 124 214 253 291 375 396 423 511 522 523 591 634 672 761 823 877 939 993 1066 1110 1188 1215 1240 1335 1376 1459 1556 1631 1701 1733 1760 1782 1803 1820 1879 1936 2026 2063 2159 2259 2296 2311 2353 2427 2431 2434 2513 2530 2538 2590 2650 2736 2766 2850 2882 2952 
19 28 96
88 99 121 182 266 357 376 416 496 551 586 665 708 757 829 897 901 927 973 
20 33 49
31 101 179 246 247 346 431 511 606 630 721 789 873 899 957 1011 1028 1065 1125 1128 
67 2 3
90 111 170 185 251 329 429 444 505 574 618 645 715 810 873 874 915 1001 1092 1100 1121 1189 1207 1233 1317 1371 1456 1494 1567 1605 1646 1708 1766 1865 1894 1969 1997 2025 2066 2154 2202 2287 2353 2422 2453 2481 2551 2622 2687 2699 2777 2862 2942 3037 3047 3062 3063 3109 3162 3187 3222 3267 3305 3349 3392 3458 3477 
22 45 59
62 155 250 277 338 363 418 500 595 614 708 733 789 862 881 898 937 1008 1023 1114 1209 1258 
35 85 93
29 79 90 141 188 209 221 312 328 418 421 461 505 590 677 692 770 781 803 853 934 972 1060 1064 1068 1099 1149 1202 1219 1253 1350 1448 1484 1543 1643 
82 79 63
24 70 122 148 186 234 244 268 282 321 407 442 482 500 524 604 625 653 663 686 718 796 852 880 955 998 1084 1158 1182 1246 1282 1329 1339 1379 1404 1451 1538 1624 1646 1746 1771 1778 1864 1928 2004 2013 2056 2153 2241 2293 2364 2383 2465 2491 2537 2593 2662 2745 2827 2871 2970 2987 3030 3090 3146 3213 3271 3365 3417 3496 3589 3617 3654 3684 3776 3788 3827 3861 3921 3999 4037 4067 
97 19 8
94 120 148 225 232 303 378 454 519 553 636 719 810 887 974 995 1016 1030 1087 1138 1143 1163 1204 1295 1327 1345 1425 1438 1452 1502 1574 1634 1709 1808 1844 1926 1948 2010 2019 2057 2152 2243 2264 2301 2320 2327 2384 2424 2496 2561 2603 2632 2668 2750 2769 2836 2887 2937 2969 2986 3085 3088 3164 3237 3239 3302 3308 3383 3407 3473 3485 3555 3612 3644 3650 3725 3815 3829 3895 3909 3939 3998 4040 4105 4145 4157 4241 4284 4345 4360 4419 4478 4547 4633 4716 4786 4834 
41 96 23
6 14 106 168 259 308 397 430 444 450 496 539 604 691 750 806 904 946 1044 1054 1062 1070 1090 1167 1260 1262 1360 1452 1494 1588 1602 1650 1703 1708 1769 1864 1869 1870 1897 1915 1974 
24 12 75
10 81 111 170 234 314 334 406 445 484 584 668 709 806 881 915 957 1046 1079 1125 1170 1216 1257 1307 
98 19 19
56 99 130 160 164 165 177 240 304 395 477 512 593 614 700 764 777 860 899 997 1073 1152 1235 1257 1280 1308 1322 1346 1371 1403 1446 1479 1505 1578 1592 1622 1695 1720 1812 1900 1967 1992 2067 2115 2212 2272 2283 2344 2386 2387 2446 2516 2595 2636 2727 2781 2801 2857 2886 2930 2969 3040 3068 3133 3176 3218 3312 3379 3445 3482 3537 3570 3631 3660 3692 3750 3790 3884 3954 3988 4035 4063 4066 4143 4163 4208 4238 4277 4377 4436 4471 4509 4590 4652 4706 4782 4785 4832 
42 21 83
48 53 149 177 265 318 338 419 441 494 521 523 578 582 603 654 739 799 849 944 990 1029 1105 1112 1157 1208 1270 1361 1405 1439 1465 1509 1547 1568 1591 1616 1641 1683 1740 1838 1932 2016 
99 100 39
72 122 145 228 279 349 377 419 464 498 584 631 678 706 748 828 881 918 987 1060 1072 1117 1214 1267 1269 1364 1463 1500 1593 1643 1670 1686 1738 1739 1837 1839 1909 1934 2029 2095 2106 2138 2202 2259 2319 2325 2414 2426 2520 2529 2566 2571 2625 2658 2668 2723 2750 2758 2801 2873 2882 2951 3038 3098 3119 3156 3170 3261 3322 3382 3438 3509 3601 3621 3701 3704 3781 3801 3815 3885 3913 3963 3990 4071 4106 4142 4229 4290 4333 4414 4498 4501 4502 4525 4588 4610 4669 4697 4709 
19 87 19
42 120 210 283 363 381 425 471 559 630 677 691 695 776 825 867 961 1004 1079 
29 97 75
51 110 206 267 353 412 492 517 547 620 674 693 790 824 861 901 932 1008 1070 1099 1140 1157 1219 1260 1271 1326 1361 1446 1481 
31 11 86
42 101 147 226 243 320 323 369 370 427 444 493 535 540 580 604 636 690 742 766 836 849 913 945 964 1014 1082 1088 1168 1247 1290 
73 37 40
4 57 74 80 131 200 214 233 251 258 333 342 424 430 492 526 555 587 685 729 744 813 906 989 1063 1087 1148 1164 1213 1310 1365 1417 1418 1441 1450 1453 1497 1520 1593 1606 1687 1734 1755 1818 1822 1905 1953 2037 2103 2200 2279 2359 2424 2447 2461 2551 2650 2724 2729 2776 2798 2810 2860 2935 3021 3079 3108 3137 3169 3223 3264 3277 3377 
62 27 56
44 118 209 270 340 410 450 537 581 635 711 753 832 865 953 1006 1050 1139 1218 1299 1346 1353 1363 1441 1501 1551 1593 1605 1668 1736 1755 1813 1906 1915 1933 1948 1978 1988 1989 2063 2078 2106 2121 2166 2226 2281 2330 2385 2428 2455 2491 2532 2618 2663 2682 2727 2773 2785 2793 2854 2886 2964 
18 24 39
88 126 194 243 333 426 441 459 519 578 607 621 629 713 721 755 826 875 
19 67 19
16 28 110 185 209 222 275 369 406 497 578 604 614 695 711 714 809 894 956 
53 13 27
12 108 194 292 358 444 512 596 652 735 831 869 879 950 1000 1014 1078 1164 1220 1264 1328 1393 1469 1548 1567 1637 1700 1780 1855 1882 1940 2026 2101 2145 2228 2320 2401 2452 2528 2565 2650 2721 2795 2841 2882 2905 2964 2969 2978 2992 3092 3116 3195 
76 2 97
97 113 142 213 255 293 350 366 399 490 498 512 605 688 738 768 773 796 871 968 1013 1047 1100 1105 1204 1209 1237 1266 1298 1379 1457 1485 1581 1587 1686 1776 1871 1878 1935 1963 2012 2028 2069 2163 2213 2303 2326 2380 2392 2489 2492 2500 2582 2589 2654 2735 2746 2838 2899 2941 2966 3004 3026 3098 3193 3265 3326 3416 3446 3516 3533 3611 3696 3753 3824 3859 
46 45 40
9 51 145 213 288 289 321 328 391 467 535 592 692 697 775 846 898 947 1031 1072 1150 1155 1212 1219 1260 1273 1303 1330 1340 1414 1433 1503 1570 1582 1619 1713 1777 1846 1946 1973 2069 2088 2171 2218 2294 2354 
69 27 60
4 71 160 168 191 286 335 422 498 573 621 671 764 781 849 906 959 1020 1040 1113 1126 1172 1192 1223 1251 1317 1375 1414 1449 1533 1631 1669 1671 1757 1803 1879 1912 1958 1972 1980 2000 2061 2070 2135 2212 2289 2310 2392 2481 2521 2527 2528 2566 2592 2676 2693 2736 2777 2833 2910 2987 2992 3007 3037 3128 3140 3146 3221 3278 
71 34 28
32 127 171 231 254 270 363 374 382 433 497 542 570 617 678 748 787 803 850 865 938 951 1048 1111 1187 1241 1330 1414 1438 1512 1575 1582 1650 1657 1676 1766 1788 1799 1852 1933 1946 1962 1987 2027 2089 2127 2137 2237 2242 2250 2317 2394 2466 2529 2620 2719 2787 2866 2948 3039 3044 3088 3186 3258 3260 3276 3290 3366 3444 3510 3566 
91 81 81
82 176 246 337 382 456 506 569 620 693 770 863 934 978 1002 1054 1141 1169 1217 1301 1352 1401 1452 1516 1540 1620 1649 1681 1703 1764 1828 1832 1838 1871 1917 1920 1926 2022 2087 2095 2115 2157 2210 2301 2338 2414 2508 2531 2534 2575 2633 2686 2776 2836 2905 2970 3010 3059 3155 3216 3226 3285 3301 3368 3411 3473 3542 3591 3600 3634 3642 3670 3697 3709 3727 3790 3877 3889 3975 4016 4020 4115 4209 4254 4309 4371 4381 4427 4437 4494 4500 
71 68 74
90 100 135 193 203 246 289 359 381 402 483 523 607 675 678 699 707 713 780 833 884 905 971 983 1049 1077 1097 1121 1171 1258 1355 1394 1491 1574 1623 1629 1706 1749 1776 1874 1938 1946 1983 2082 2109 2200 2271 2305 2354 2391 2430 2481 2539 2595 2657 2732 2815 2848 2946 3031 3051 3097 3120 3188 3216 3239 3264 3268 3334 3386 3388 
81 59 90
79 164 245 294 364 393 430 490 569 663 679 771 792 890 914 932 1014 1109 1173 1230 1292 1335 1366 1453 1500 1596 1634 1734 1762 1810 1899 1957 2041 2062 2120 2125 2174 2269 2334 2413 2453 2533 2555 2615 2692 2738 2816 2827 2867 2960 2979 3033 3068 3117 3157 3190 3287 3316 3400 3424 3452 3525 3607 3618 3711 3750 3817 3911 3996 4027 4051 4076 4086 4132 4216 4255 4298 4311 4312 4346 4403 
19 87 44
67 93 169 184 190 250 289 322 406 478 573 601 663 725 798 845 937 1034 1105 
54 94 6
92 128 147 239 260 335 397 405 423 503 588 634 729 820 877 962 1037 1077 1085 1107 1126 1195 1278 1370 1437 1463 1503 1592 1623 1656 1751 1825 1845 1910 1927 1967 2058 2136 2183 2244 2302 2334 2340 2344 2418 2432 2472 2572 2577 2624 2645 2668 2735 2790 
14 34 81
53 127 190 227 295 332 388 472 525 621 696 727 821 908 
40 77 92
43 45 102 136 138 199 279 301 384 430 507 604 635 644 645 650 721 759 783 790 835 843 903 995 1029 1071 1157 1177 1210 1224 1287 1314 1330 1349 1409 1426 1505 1544 1634 1647 
36 66 9
67 93 155 226 275 374 420 475 518 523 589 676 714 773 845 854 945 982 1005 1022 1026 1067 1143 1215 1286 1300 1362 1446 1496 1575 1619 1687 1692 1697 1787 1840 
55 35 59
50 90 167 203 232 267 326 416 442 489 501 595 646 651 721 743 818 853 936 946 982 996 1050 1053 1071 1081 1125 1147 1212 1291 1323 1389 1459 1467 1520 1570 1665 1676 1715 1787 1844 1895 1960 2019 2074 2160 2241 2322 2343 2358 2449 2457 2485 2581 2644 
97 5 6
70 91 127 129 167 172 233 323 330 385 437 482 560 621 668 711 730 783 863 962 1048 1100 1166 1194 1254 1347 1370 1392 1434 1513 1592 1603 1655 1670 1734 1775 1846 1871 1902 1979 2010 2044 2118 2127 2221 2293 2296 2309 2334 2416 2479 2541 2627 2707 2796 2841 2914 2925 2943 3009 3050 3098 3174 3218 3280 3320 3405 3490 3506 3573 3586 3684 3784 3822 3828 3922 3932 3992 4050 4136 4230 4302 4349 4428 4480 4567 4642 4718 4767 4859 4900 4989 5080 5096 5181 5186 5193 
69 89 74
35 88 160 246 337 366 445 497 586 674 763 845 857 892 952 1015 1088 1174 1212 1233 1310 1340 1349 1368 1465 1558 1581 1637 1650 1661 1690 1789 1805 1905 1990 1996 2077 2092 2101 2170 2173 2270 2272 2286 2369 2382 2410 2465 2563 2580 2655 2681 2727 2762 2806 2900 2980 3047 3096 3188 3217 3295 3338 3382 3411 3438 3439 3448 3489 
9 29 95
57 87 147 186 228 267 360 399 454 
19 64 52
54 114 160 245 271 365 393 399 422 492 542 594 690 692 704 793 856 897 932 
19 22 47
58 122 207 209 263 355 376 446 489 515 544 632 642 648 682 719 730 786 845 
12 59 6
66 89 135 163 178 259 305 341 420 423 522 585 
57 53 54
29 103 152 206 208 244 259 318 339 342 363 392 453 538 625 692 742 803 815 892 967 1011 1033 1044 1118 1195 1204 1241 1326 1339 1381 1394 1480 1570 1636 1675 1753 1785 1882 1932 1966 1984 2062 2109 2111 2128 2193 2196 2273 2301 2380 2432 2456 2508 2570 2667 2747 
22 85 64
87 114 190 214 282 375 438 535 611 622 669 731 759 835 843 924 1016 1088 1171 1240 1339 1352 
72 74 65
33 104 200 206 261 321 413 446 533 601 654 686 716 717 724 764 811 879 899 974 1001 1053 1119 1217 1304 1390 1439 1538 1595 1617 1632 1673 1717 1728 1775 1874 1896 1986 2017 2025 2082 2117 2208 2246 2282 2332 2362 2396 2465 2514 2522 2618 2670 2744 2789 2827 2886 2931 2968 3036 3055 3106 3114 3176 3189 3195 3255 3289 3385 3428 3522 3526 
77 84 94
12 97 120 218 272 295 300 301 375 405 450 462 503 545 645 653 713 763 778 799 814 835 868 916 984 1011 1052 1123 1126 1203 1267 1334 1395 1433 1497 1563 1623 1643 1709 1743 1793 1856 1953 2043 2047 2143 2240 2303 2400 2463 2498 2509 2592 2659 2718 2768 2861 2912 2985 3033 3060 3148 3214 3254 3280 3309 3314 3351 3399 3470 3540 3589 3622 3688 3726 3814 3827 
34 50 10
97 181 201 232 235 265 298 393 474 531 573 632 728 735 833 854 941 996 1006 1093 1170 1249 1284 1345 1442 1467 1515 1524 1534 1583 1653 1711 1743 1785 
89 34 71
21 102 105 134 156 170 194 275 338 435 454 471 477 534 579 615 659 664 696 764 768 861 938 990 1052 1087 1171 1226 1301 1370 1396 1443 1492 1572 1647 1670 1715 1813 1868 1876 1922 1947 2023 2074 2156 2177 2264 2289 2314 2384 2428 2457 2519 2591 2623 2699 2757 2772 2802 2834 2870 2877 2955 3039 3078 3082 3088 3171 3225 3237 3327 3426 3463 3481 3531 3601 3639 3727 3773 3787 3844 3933 4027 4098 4158 4184 4282 4300 4340 
27 1 27
86 117 128 204 238 306 364 451 531 631 669 737 754 841 878 884 910 992 1011 1093 1115 1128 1132 1165 1203 1204 1206 
29 80 3
56 121 154 172 264 282 367 416 473 489 589 683 718 786 818 889 962 1019 1023 1115 1205 1230 1286 1380 1438 1483 1577 1636 1661 
73 13 32
89 186 235 267 282 368 449 520 573 605 621 709 809 856 866 938 941 955 1018 1062 1100 1170 1207 1254 1268 1351 1409 1448 1455 1525 1595 1643 1662 1733 1812 1845 1901 1912 1967 1975 2018 2088 2135 2177 2193 2250 2263 2333 2403 2431 2444 2503 2552 2554 2612 2675 2711 2726 2727 2769 2805 2827 2916 2970 3062 3082 3120 3219 3249 3341 3348 3420 3481 
5 65 76
61 91 188 270 279 
62 41 57
63 161 180 278 342 413 504 555 600 632 689 725 776 870 957 1037 1123 1168 1172 1270 1319 1387 1413 1423 1472 1494 1585 1642 1725 1808 1822 1919 1951 1983 2029 2124 2179 2268 2366 2465 2485 2539 2625 2647 2694 2766 2819 2903 2919 2975 3057 3122 3198 3257 3283 3307 3387 3403 3436 3451 3502 3548 
63 82 29
61 138 221 270 344 377 397 476 495 536 613 655 748 809 819 820 914 988 1016 1068 1119 1122 1205 1223 1258 1355 1423 1503 1515 1565 1626 1698 1776 1819 1839 1842 1870 1961 2042 2140 2171 2228 2267 2342 2411 2459 2534 2596 2669 2723 2788 2863 2920 2968 3061 3104 3148 3208 3231 3238 3247 3330 3408 
38 77 49
40 44 83 103 156 177 254 298 394 439 530 552 611 627 703 726 816 900 970 1052 1078 1144 1238 1338 1410 1464 1546 1596 1688 1699 1749 1780 1846 1935 1986 2005 2014 2093 
62 4 75
4 82 115 186 239 247 260 348 425 519 532 626 665 678 744 837 883 950 986 994 1010 1076 1150 1206 1274 1318 1383 1481 1486 1506 1579 1639 1688 1745 1776 1777 1841 1884 1972 2065 2153 2206 2292 2319 2336 2339 2410 2472 2541 2547 2617 2654 2677 2772 2864 2955 2993 3001 3089 3183 3263 3275 
53 28 69
83 164 248 325 345 421 438 510 524 619 707 723 788 790 827 849 920 993 1037 1054 1070 1104 1158 1182 1256 1303 1306 1391 1490 1572 1577 1611 1673 1762 1824 1906 1922 2000 2005 2034 2106 2199 2296 2332 2426 2459 2468 2484 2489 2542 2574 2594 2632 
37 95 63
83 132 232 265 296 300 366 458 502 530 603 615 620 698 790 819 841 929 945 1012 1032 1057 1091 1167 1196 1213 1261 1327 1380 1422 1503 1538 1629 1709 1776 1797 1832 
85 12 31
64 101 143 163 229 262 310 349 422 486 491 535 623 713 733 801 807 874 959 1017 1077 1142 1186 1236 1280 1342 1412 1491 1537 1571 1632 1641 1663 1665 1746 1833 1919 1947 2024 2082 2125 2206 2260 2342 2412 2485 2534 2561 2652 2686 2770 2820 2918 2945 2997 3091 3131 3152 3176 3262 3268 3352 3398 3425 3510 3588 3653 3675 3681 3722 3754 3802 3875 3960 3990 4084 4093 4123 4143 4194 4257 4260 4360 4421 4502 
51 6 21
24 53 111 140 152 207 215 263 296 320 389 479 544 644 733 770 806 824 907 951 999 1001 1095 1157 1214 1260 1334 1423 1471 1550 1611 1682 1689 1707 1759 1777 1802 1813 1830 1839 1873 1959 2057 2155 2192 2278 2365 2438 2494 2563 2631 
55 22 14
16 94 153 195 262 320 340 367 396 423 520 552 648 721 763 776 857 884 982 1012 1089 1175 1242 1305 1315 1389 1472 1502 1582 1638 1681 1729 1763 1816 1905 1957 1967 1975 2053 2143 2177 2203 2276 2358 2456 2522 2616 2646 2739 2782 2793 2862 2942 3020 3103 
90 3 65
19 102 122 135 165 170 235 253 309 335 412 498 566 629 640 680 724 785 791 880 970 1020 1051 1052 1070 1080 1110 1210 1261 1293 1309 1330 1396 1483 1516 1563 1655 1704 1720 1819 1894 1987 2071 2113 2168 2215 2248 2298 2357 2447 2485 2533 2572 2592 2692 2748 2829 2910 2965 2997 3062 3084 3088 3118 3127 3164 3193 3245 3330 3374 3424 3435 3471 3557 3609 3651 3735 3772 3863 3905 3931 4011 4052 4117 4168 4261 4333 4365 4390 4469 
15 89 100
18 89 149 155 254 265 356 398 411 412 442 492 497 568 601 
41 14 26
18 63 129 211 307 317 371 450 485 569 614 689 772 786 831 874 894 989 994 1004 1093 1110 1172 1190 1208 1226 1266 1316 1374 1379 1406 1434 1484 1529 1538 1635 1689 1703 1778 1866 1963 
19 15 32
32 43 69 72 78 108 120 166 265 291 306 322 365 371 389 442 453 497 577 
60 88 40
8 50 56 138 219 273 325 420 505 588 646 656 694 757 849 850 910 1000 1026 1100 1105 1126 1157 1179 1252 1293 1359 1363 1415 1468 1511 1570 1616 1716 1808 1887 1941 1984 2009 2099 2177 2259 2311 2326 2422 2465 2480 2535 2567 2608 2688 2724 2737 2748 2758 2843 2894 2969 3009 3064 
79 34 65
77 111 168 223 262 361 440 468 544 605 636 726 782 855 912 923 979 1028 1070 1114 1175 1227 1280 1325 1380 1459 1495 1556 1613 1682 1707 1740 1742 1823 1910 2002 2082 2100 2172 2179 2257 2259 2308 2393 2420 2425 2472 2554 2607 2696 2721 2734 2774 2851 2860 2906 2913 2957 2963 3027 3039 3122 3170 3236 3299 3386 3443 3537 3541 3569 3570 3651 3733 3734 3751 3759 3816 3880 3969 
9 52 66
73 116 210 243 332 333 409 455 519 
39 28 63
56 99 148 161 197 249 341 429 513 586 626 627 707 803 867 888 944 959 1045 1073 1082 1161 1221 1270 1349 1436 1531 1625 1703 1777 1834 1867 1883 1888 1985 1989 2046 2135 2178 
92 13 83
92 185 263 270 283 317 390 488 501 583 659 684 714 721 732 808 908 996 1046 1102 1175 1192 1253 1322 1394 1463 1520 1535 1595 1665 1714 1718 1732 1810 1820 1846 1909 1992 2067 2143 2159 2161 2261 2306 2366 2428 2449 2509 2511 2533 2600 2674 2764 2843 2885 2947 2994 3093 3121 3180 3200 3228 3242 3275 3280 3355 3365 3433 3490 3526 3621 3645 3734 3780 3849 3898 3905 3946 4006 4014 4076 4102 4183 4234 4239 4314 4378 4429 4502 4545 4606 4650 