1000
1 1
12744 
65943 
1 1
23983 
16038 
1 1
56330 
14994 
1 1
41 
19027 
1 1
57041 
56693 
1 1
24291 
56985 
1 1
25449 
98765 
1 1
30423 
71025 
1 1
13716 
72730 
1 1
49956 
30501 
1 1
5299 
71356 
1 1
34691 
19697 
1 1
42091 
44937 
1 1
60022 
35321 
1 1
89164 
19981 
1 1
42541 
74873 
1 1
23337 
87569 
1 1
42960 
93630 
1 1
45920 
45483 
1 1
41098 
8955 
1 1
62301 
68108 
1 1
63522 
34561 
1 1
41444 
21229 
1 1
16412 
34570 
1 1
66876 
34977 
1 1
26312 
97372 
1 1
17457 
97554 
1 1
19661 
42754 
1 1
70937 
34759 
1 1
78321 
92208 
1 1
6301 
95924 
1 1
92836 
52005 
1 1
91847 
75578 
1 1
97699 
81319 
1 1
85185 
61931 
1 1
13673 
43640 
1 1
38565 
18257 
1 1
41034 
68634 
1 1
98399 
71281 
1 1
44587 
83818 
1 1
11349 
1909 
1 1
46393 
10593 
1 1
1020 
7903 
1 1
95389 
57636 
1 1
59091 
35603 
1 1
14400 
86094 
1 1
2622 
58320 
1 1
34542 
65675 
1 1
85291 
12735 
1 1
14608 
88494 
1 1
14520 
91442 
1 1
8723 
58401 
1 1
18680 
29754 
1 1
89448 
27508 
1 1
29030 
17885 
1 1
55457 
8800 
1 1
89517 
15885 
1 1
52994 
53921 
1 1
84302 
47990 
1 1
18594 
48644 
1 1
77574 
5472 
1 1
6829 
45011 
1 1
93211 
92675 
1 1
1381 
18778 
1 1
22814 
9607 
1 1
20277 
13544 
1 1
39834 
76241 
1 1
16912 
8812 
1 1
14797 
68672 
1 1
47257 
28265 
1 1
72025 
55301 
1 1
20708 
86622 
1 1
1809 
92428 
1 1
77033 
58753 
1 1
43614 
62953 
1 1
35200 
43039 
1 1
85745 
19310 
1 1
41118 
82540 
1 1
84726 
22346 
1 1
877 
2112 
1 1
93760 
51543 
1 1
23609 
17378 
1 1
3756 
98773 
1 1
13865 
72361 
1 1
42685 
47759 
1 1
47204 
66557 
1 1
49493 
84446 
1 1
34706 
39381 
1 1
37249 
79704 
1 1
32180 
90153 
1 1
86946 
35072 
1 1
78097 
25201 
1 1
68117 
84724 
1 1
50591 
40100 
1 1
65336 
2390 
1 1
18366 
64792 
1 1
739 
70640 
1 1
22949 
21974 
1 1
81813 
31801 
1 1
70424 
75111 
1 1
71052 
54661 
1 1
29662 
71391 
1 1
69400 
19230 
1 1
31003 
17064 
1 1
29043 
42984 
1 1
34486 
57894 
1 1
62666 
46364 
1 1
89892 
75791 
1 1
96168 
82709 
1 1
42264 
54230 
1 1
19663 
38410 
1 1
45992 
9663 
1 1
27683 
42718 
1 1
38210 
33907 
1 1
3636 
13502 
1 1
87900 
43362 
1 1
95857 
5150 
1 1
81012 
84908 
1 1
53012 
17910 
1 1
23840 
5469 
1 1
35127 
74129 
1 1
47011 
52484 
1 1
93205 
66190 
1 1
70663 
35912 
1 1
15167 
33368 
1 1
47729 
48874 
1 1
68726 
30404 
1 1
36718 
13701 
1 1
32927 
9292 
1 1
68007 
92882 
1 1
99133 
47564 
1 1
58326 
80307 
1 1
39629 
21340 
1 1
97025 
67177 
1 1
87336 
39436 
1 1
74650 
59109 
1 1
43745 
26054 
1 1
49454 
6213 
1 1
33758 
63844 
1 1
50712 
96265 
1 1
55981 
86631 
1 1
99027 
52667 
1 1
34883 
41611 
1 1
83325 
73433 
1 1
67267 
24547 
1 1
71782 
45278 
1 1
69701 
28289 
1 1
49712 
67698 
1 1
75780 
34913 
1 1
71237 
25971 
1 1
2563 
24800 
1 1
83564 
59126 
1 1
4012 
72204 
1 1
32783 
79177 
1 1
55962 
46155 
1 1
88319 
11315 
1 1
71899 
37988 
1 1
29535 
41221 
1 1
31766 
92361 
1 1
22418 
75342 
1 1
17027 
27306 
1 1
76932 
42673 
1 1
84398 
90682 
1 1
16299 
92499 
1 1
77926 
15343 
1 1
8329 
71560 
1 1
74505 
3380 
1 1
5912 
96196 
1 1
81478 
91026 
1 1
18859 
70323 
1 1
56600 
20083 
1 1
92500 
38443 
1 1
444 
69202 
1 1
99834 
4408 
1 1
79231 
78920 
1 1
63428 
91279 
1 1
72126 
38009 
1 1
10943 
65385 
1 1
1152 
85558 
1 1
33813 
98553 
1 1
94201 
23115 
1 1
62505 
96491 
1 1
52044 
24292 
1 1
93729 
78446 
1 1
38699 
75444 
1 1
5071 
53476 
1 1
91286 
80318 
1 1
70756 
2117 
1 1
50187 
14038 
1 1
48598 
38647 
1 1
43293 
17339 
1 1
42621 
98869 
1 1
19148 
80679 
1 1
58513 
71007 
1 1
12936 
79632 
1 1
59718 
63238 
1 1
46574 
87950 
1 1
878 
80377 
1 1
9566 
12736 
1 1
62260 
64357 
1 1
40799 
67327 
1 1
33960 
38379 
1 1
33158 
21878 
1 1
1829 
83040 
1 1
12573 
48978 
1 1
68466 
64188 
1 1
1071 
12303 
1 1
2096 
26931 
1 1
59399 
29902 
1 1
43685 
67941 
1 1
18971 
80621 
1 1
18473 
99127 
1 1
55163 
12031 
1 1
91834 
19679 
1 1
24407 
51340 
1 1
81458 
20680 
1 1
86039 
16965 
1 1
87853 
56725 
1 1
56566 
77702 
1 1
33452 
32322 
1 1
98725 
8956 
1 1
6926 
67400 
1 1
30726 
50974 
1 1
93788 
25873 
1 1
51986 
82789 
1 1
36975 
13933 
1 1
20915 
87340 
1 1
11779 
80654 
1 1
87554 
98214 
1 1
18429 
82488 
1 1
79290 
86516 
1 1
92498 
5341 
1 1
61385 
67540 
1 1
8489 
73196 
1 1
45769 
81254 
1 1
5113 
10632 
1 1
1272 
28066 
1 1
92187 
68051 
1 1
26408 
21847 
1 1
8484 
63118 
1 1
81872 
55963 
1 1
87498 
39606 
1 1
44050 
64800 
1 1
53841 
95763 
1 1
33120 
3267 
1 1
16753 
88323 
1 1
89773 
59801 
1 1
49272 
75357 
1 1
23067 
64601 
1 1
41643 
21495 
1 1
28625 
54119 
1 1
95797 
52359 
1 1
81156 
5296 
1 1
84070 
11597 
1 1
38190 
58587 
1 1
29809 
43505 
1 1
52952 
7518 
1 1
80104 
97000 
1 1
83479 
44307 
1 1
31619 
22581 
1 1
2330 
16079 
1 1
39317 
12903 
1 1
56684 
64204 
1 1
84893 
19743 
1 1
2155 
90535 
1 1
6765 
65381 
1 1
35278 
18596 
1 1
96748 
54777 
1 1
79455 
95244 
1 1
49872 
86466 
1 1
37015 
8887 
1 1
13244 
54699 
1 1
6111 
83998 
1 1
17498 
33107 
1 1
75315 
48555 
1 1
90076 
31068 
1 1
51071 
60888 
1 1
43431 
17934 
1 1
43566 
25559 
1 1
3210 
17419 
1 1
35120 
24040 
1 1
91601 
84708 
1 1
81855 
35302 
1 1
9220 
92201 
1 1
54195 
23849 
1 1
65256 
66346 
1 1
4637 
28307 
1 1
90122 
37606 
1 1
62295 
92373 
1 1
27374 
88398 
1 1
92869 
41732 
1 1
42444 
9682 
1 1
29965 
25508 
1 1
4579 
5901 
1 1
79117 
8868 
1 1
95293 
20126 
1 1
19401 
24595 
1 1
71827 
86455 
1 1
79154 
65765 
1 1
67228 
55148 
1 1
42170 
29100 
1 1
40125 
77462 
1 1
48559 
99128 
1 1
96639 
81779 
1 1
90578 
97003 
1 1
94543 
20371 
1 1
67848 
4609 
1 1
5466 
17038 
1 1
58680 
14542 
1 1
54801 
99847 
1 1
84633 
49650 
1 1
80959 
60333 
1 1
93970 
41938 
1 1
55672 
40765 
1 1
66336 
60026 
1 1
85308 
14497 
1 1
45755 
26772 
1 1
69501 
90872 
1 1
41978 
74197 
1 1
27850 
45830 
1 1
1227 
41621 
1 1
18066 
52071 
1 1
36543 
34641 
1 1
59655 
58569 
1 1
25254 
27612 
1 1
46073 
48164 
1 1
26446 
10292 
1 1
75257 
84148 
1 1
44905 
50534 
1 1
53555 
41978 
1 1
69618 
69232 
1 1
31270 
10648 
1 1
44725 
1140 
1 1
9409 
39745 
1 1
88724 
45774 
1 1
16676 
2840 
1 1
63765 
96292 
1 1
93371 
45642 
1 1
11018 
71067 
1 1
34552 
88187 
1 1
10403 
62580 
1 1
38685 
54370 
1 1
93368 
61389 
1 1
79982 
9227 
1 1
35948 
9050 
1 1
72704 
94666 
1 1
85963 
83236 
1 1
23943 
67687 
1 1
33071 
20708 
1 1
77744 
61645 
1 1
13204 
39380 
1 1
37912 
10768 
1 1
50046 
29404 
1 1
19399 
847 
1 1
75306 
45006 
1 1
18972 
34940 
1 1
36844 
43770 
1 1
14616 
31899 
1 1
99135 
88100 
1 1
177 
7685 
1 1
64074 
44828 
1 1
36796 
24673 
1 1
91771 
93195 
1 1
55941 
32541 
1 1
80814 
78924 
1 1
80168 
65824 
1 1
75338 
32646 
1 1
37224 
7863 
1 1
2314 
4621 
1 1
30716 
78611 
1 1
6599 
54553 
1 1
96261 
54672 
1 1
43609 
75190 
1 1
15919 
83887 
1 1
9843 
21492 
1 1
85633 
14007 
1 1
40062 
63356 
1 1
30575 
15142 
1 1
76571 
79167 
1 1
41412 
39140 
1 1
20825 
59913 
1 1
60970 
25500 
1 1
10508 
99159 
1 1
85158 
33073 
1 1
26268 
2870 
1 1
54653 
49559 
1 1
21436 
64878 
1 1
4555 
6689 
1 1
85361 
18756 
1 1
8095 
7957 
1 1
96390 
94884 
1 1
97402 
57956 
1 1
94054 
82741 
1 1
69489 
67554 
1 1
1714 
22710 
1 1
88786 
97575 
1 1
60639 
29190 
1 1
78957 
95142 
1 1
94494 
77313 
1 1
56144 
71455 
1 1
9138 
69307 
1 1
93431 
67542 
1 1
46900 
33324 
1 1
22025 
55412 
1 1
56713 
97514 
1 1
68476 
26000 
1 1
11924 
25204 
1 1
99292 
22488 
1 1
6131 
93182 
1 1
94316 
87769 
1 1
84059 
44476 
1 1
98541 
8267 
1 1
19273 
49386 
1 1
8331 
52764 
1 1
33417 
64151 
1 1
32494 
24587 
1 1
62741 
85295 
1 1
31293 
68179 
1 1
16805 
59503 
1 1
77136 
97041 
1 1
41538 
23864 
1 1
99602 
38966 
1 1
94275 
19325 
1 1
74373 
26653 
1 1
61865 
41444 
1 1
90791 
97050 
1 1
4674 
66813 
1 1
85947 
1111 
1 1
89039 
20973 
1 1
64562 
67197 
1 1
78680 
34218 
1 1
33413 
5975 
1 1
91556 
65368 
1 1
66625 
92390 
1 1
92888 
60398 
1 1
83904 
11219 
1 1
87293 
52779 
1 1
67598 
6644 
1 1
93405 
5422 
1 1
66483 
33515 
1 1
32902 
40328 
1 1
34239 
68107 
1 1
42516 
1361 
1 1
28823 
99652 
1 1
22367 
47984 
1 1
55276 
90384 
1 1
66911 
83404 
1 1
68999 
61465 
1 1
85782 
79211 
1 1
69095 
34933 
1 1
11006 
70454 
1 1
2142 
37678 
1 1
4333 
60032 
1 1
65555 
52451 
1 1
23843 
89315 
1 1
46731 
83057 
1 1
82517 
3146 
1 1
59200 
86127 
1 1
33132 
61646 
1 1
40292 
10239 
1 1
43613 
28737 
1 1
56127 
74662 
1 1
84902 
97797 
1 1
19248 
14654 
1 1
39411 
98631 
1 1
61775 
17935 
1 1
52316 
66683 
1 1
22718 
77919 
1 1
90221 
45417 
1 1
1910 
93215 
1 1
42129 
35820 
1 1
5002 
50092 
1 1
96183 
3191 
1 1
54061 
34814 
1 1
52344 
687 
1 1
66532 
36180 
1 1
85882 
71555 
1 1
11677 
15048 
1 1
59553 
47526 
1 1
38057 
37298 
1 1
93291 
69528 
1 1
28272 
89430 
1 1
39478 
18754 
1 1
77812 
21855 
1 1
79057 
60969 
1 1
13823 
93962 
1 1
49255 
75092 
1 1
66457 
27172 
1 1
37142 
58212 
1 1
80681 
7418 
1 1
24947 
73581 
1 1
9537 
16912 
1 1
52843 
35496 
1 1
61276 
16521 
1 1
72808 
5610 
1 1
82231 
44725 
1 1
3196 
8869 
1 1
44857 
46898 
1 1
57840 
64096 
1 1
76165 
99481 
1 1
15783 
64193 
1 1
5554 
47698 
1 1
18110 
33976 
1 1
33043 
32501 
1 1
26963 
39889 
1 1
19027 
42775 
1 1
58389 
25114 
1 1
74859 
92153 
1 1
5543 
96062 
1 1
89945 
86310 
1 1
1608 
91806 
1 1
65481 
16242 
1 1
32886 
26660 
1 1
37595 
85789 
1 1
1633 
7998 
1 1
63336 
57533 
1 1
55503 
96279 
1 1
11849 
80197 
1 1
45914 
92354 
1 1
49990 
42842 
1 1
51116 
8299 
1 1
36792 
86341 
1 1
1478 
2347 
1 1
44375 
91068 
1 1
74223 
35940 
1 1
4246 
51182 
1 1
82815 
41459 
1 1
37435 
40547 
1 1
72180 
72918 
1 1
64471 
73073 
1 1
45156 
48695 
1 1
6953 
61141 
1 1
87804 
85330 
1 1
86310 
79786 
1 1
31665 
64494 
1 1
97320 
51432 
1 1
89535 
71393 
1 1
84036 
76227 
1 1
28059 
92220 
1 1
74030 
46424 
1 1
95141 
60705 
1 1
33167 
99719 
1 1
3172 
99345 
1 1
87636 
86139 
1 1
80018 
9649 
1 1
22523 
45761 
1 1
38976 
27481 
1 1
6969 
20500 
1 1
86066 
74583 
1 1
14782 
52129 
1 1
78578 
5395 
1 1
6352 
50885 
1 1
72184 
69469 
1 1
12807 
54233 
1 1
45713 
84151 
1 1
16598 
33754 
1 1
72382 
39560 
1 1
54001 
49613 
1 1
14230 
38523 
1 1
74549 
96727 
1 1
52532 
7811 
1 1
79966 
34451 
1 1
31113 
3795 
1 1
30916 
42522 
1 1
81782 
75632 
1 1
53724 
11 
1 1
21532 
42133 
1 1
1198 
41108 
1 1
59627 
84642 
1 1
21771 
1886 
1 1
29450 
57629 
1 1
69433 
35515 
1 1
64673 
71046 
1 1
43222 
39942 
1 1
72298 
4178 
1 1
79564 
11645 
1 1
16107 
69294 
1 1
33326 
11855 
1 1
13234 
55324 
1 1
74159 
7499 
1 1
63872 
46651 
1 1
93594 
28126 
1 1
79498 
30216 
1 1
65274 
62208 
1 1
48587 
75321 
1 1
25843 
1469 
1 1
80392 
94810 
1 1
47224 
30250 
1 1
97206 
73773 
1 1
52367 
48460 
1 1
3381 
82473 
1 1
86001 
11251 
1 1
45449 
73891 
1 1
89563 
66340 
1 1
91845 
3101 
1 1
45148 
70764 
1 1
3001 
95612 
1 1
47228 
72862 
1 1
32999 
34926 
1 1
32806 
52406 
1 1
2522 
35677 
1 1
50814 
22065 
1 1
9475 
18127 
1 1
79746 
6747 
1 1
98451 
2139 
1 1
8911 
33883 
1 1
93119 
94395 
1 1
83112 
87351 
1 1
6655 
51271 
1 1
73207 
463 
1 1
84481 
61598 
1 1
75674 
89350 
1 1
897 
8518 
1 1
63211 
57083 
1 1
26533 
37666 
1 1
5326 
30941 
1 1
7183 
80116 
1 1
52982 
30586 
1 1
46131 
52870 
1 1
34619 
3198 
1 1
61971 
87049 
1 1
42149 
3173 
1 1
1737 
14604 
1 1
95086 
38600 
1 1
25275 
77949 
1 1
58482 
54498 
1 1
40898 
13829 
1 1
56122 
73651 
1 1
64662 
2615 
1 1
64268 
69919 
1 1
96028 
67311 
1 1
93177 
5987 
1 1
51185 
52758 
1 1
63779 
27809 
1 1
71987 
14798 
1 1
65056 
71362 
1 1
33240 
1648 
1 1
34077 
3820 
1 1
3974 
15276 
1 1
35054 
90915 
1 1
79381 
99261 
1 1
26435 
54984 
1 1
89261 
11446 
1 1
95725 
64079 
1 1
6097 
4618 
1 1
10633 
71544 
1 1
21278 
56554 
1 1
82028 
7556 
1 1
31574 
61899 
1 1
59401 
9413 
1 1
79549 
22729 
1 1
82624 
65723 
1 1
21460 
52031 
1 1
95263 
41133 
1 1
54035 
34956 
1 1
84089 
42885 
1 1
17632 
76338 
1 1
47066 
88249 
1 1
7346 
99833 
1 1
7820 
32729 
1 1
66008 
53939 
1 1
88431 
22970 
1 1
3382 
23254 
1 1
24364 
45415 
1 1
84389 
39495 
1 1
55435 
52012 
1 1
55902 
36142 
1 1
54990 
57651 
1 1
36374 
92976 
1 1
65737 
20520 
1 1
75528 
72403 
1 1
95216 
36180 
1 1
2342 
58075 
1 1
86458 
98952 
1 1
18715 
68211 
1 1
20094 
10037 
1 1
63533 
30902 
1 1
23062 
40825 
1 1
67191 
76781 
1 1
55995 
91992 
1 1
40235 
25625 
1 1
26492 
24192 
1 1
91393 
17770 
1 1
28682 
74561 
1 1
50089 
68663 
1 1
40857 
14776 
1 1
76406 
5440 
1 1
22411 
50964 
1 1
77543 
78105 
1 1
38906 
13616 
1 1
13924 
24729 
1 1
9851 
36437 
1 1
70449 
9971 
1 1
17569 
77140 
1 1
88745 
49371 
1 1
37564 
90289 
1 1
4840 
77970 
1 1
50830 
22545 
1 1
13328 
21203 
1 1
76836 
64076 
1 1
83885 
78394 
1 1
22201 
56367 
1 1
88907 
34797 
1 1
74604 
26302 
1 1
62056 
76774 
1 1
84041 
89160 
1 1
96702 
96562 
1 1
64252 
39028 
1 1
10495 
37968 
1 1
16027 
24140 
1 1
47717 
52464 
1 1
21044 
86787 
1 1
64631 
6285 
1 1
79990 
32704 
1 1
44660 
3482 
1 1
71958 
83182 
1 1
20039 
67318 
1 1
93434 
54716 
1 1
34498 
52964 
1 1
94690 
5572 
1 1
67555 
48113 
1 1
68967 
86440 
1 1
55151 
55016 
1 1
65581 
33229 
1 1
83684 
37301 
1 1
91917 
44018 
1 1
4852 
58059 
1 1
41247 
89363 
1 1
17297 
31866 
1 1
33417 
15381 
1 1
87684 
62694 
1 1
83670 
12395 
1 1
38631 
42156 
1 1
21200 
38489 
1 1
13815 
38035 
1 1
63526 
6875 
1 1
41632 
11805 
1 1
15383 
68781 
1 1
57931 
65617 
1 1
1492 
49439 
1 1
15625 
34182 
1 1
61508 
23729 
1 1
4412 
5058 
1 1
32327 
50195 
1 1
27351 
72029 
1 1
18097 
17397 
1 1
32726 
581 
1 1
1470 
94915 
1 1
79371 
11919 
1 1
80984 
22877 
1 1
21602 
72557 
1 1
28936 
18444 
1 1
35866 
10167 
1 1
51713 
25510 
1 1
75454 
63212 
1 1
262 
84700 
1 1
31832 
11853 
1 1
22231 
54773 
1 1
1612 
30616 
1 1
69281 
73673 
1 1
6704 
49583 
1 1
73177 
7721 
1 1
91833 
10122 
1 1
82480 
790 
1 1
28412 
53632 
1 1
8009 
1882 
1 1
86658 
87379 
1 1
59717 
19055 
1 1
98889 
30113 
1 1
70239 
20497 
1 1
26079 
52067 
1 1
91049 
79356 
1 1
57045 
88805 
1 1
16063 
37979 
1 1
15067 
26485 
1 1
34457 
49313 
1 1
20225 
27296 
1 1
39605 
38504 
1 1
57468 
88141 
1 1
24208 
16074 
1 1
30162 
3062 
1 1
73099 
65606 
1 1
36775 
30496 
1 1
24643 
23439 
1 1
94451 
50136 
1 1
9228 
65684 
1 1
47294 
30966 
1 1
89145 
18712 
1 1
39548 
22006 
1 1
17901 
13291 
1 1
4231 
20366 
1 1
9055 
9662 
1 1
16311 
67374 
1 1
54747 
31115 
1 1
86200 
72906 
1 1
62291 
56989 
1 1
24105 
70431 
1 1
83573 
42532 
1 1
88678 
60900 
1 1
96465 
52688 
1 1
44488 
12275 
1 1
60057 
19624 
1 1
91918 
43304 
1 1
6229 
59695 
1 1
482 
35119 
1 1
48947 
14552 
1 1
71837 
82254 
1 1
89631 
13210 
1 1
82452 
15932 
1 1
72026 
87174 
1 1
7393 
6720 
1 1
93262 
9083 
1 1
6617 
81147 
1 1
9111 
66810 
1 1
62970 
67427 
1 1
80923 
29669 
1 1
97184 
19087 
1 1
99348 
11016 
1 1
49288 
52191 
1 1
85618 
82515 
1 1
8159 
71725 
1 1
15083 
49291 
1 1
91342 
55787 
1 1
29604 
52301 
1 1
25799 
12464 
1 1
5544 
24593 
1 1
56900 
23518 
1 1
22292 
91391 
1 1
17781 
41524 
1 1
32636 
70544 
1 1
24070 
12603 
1 1
70740 
99430 
1 1
20049 
55621 
1 1
46092 
87235 
1 1
91446 
40544 
1 1
62528 
67325 
1 1
77386 
73548 
1 1
70248 
3507 
1 1
59364 
14594 
1 1
5756 
86044 
1 1
78728 
24319 
1 1
99713 
38600 
1 1
35756 
61473 
1 1
35950 
45600 
1 1
53205 
29502 
1 1
26201 
1075 
1 1
45156 
1494 
1 1
24632 
74618 
1 1
17967 
36396 
1 1
43781 
87878 
1 1
44340 
36188 
1 1
49321 
95879 
1 1
93778 
83678 
1 1
4822 
71454 
1 1
73126 
43637 
1 1
9737 
98221 
1 1
29408 
6173 
1 1
23887 
87784 
1 1
93863 
590 
1 1
99955 
50197 
1 1
837 
10372 
1 1
51858 
63266 
1 1
98107 
75550 
1 1
71309 
5879 
1 1
76281 
77362 
1 1
67535 
43288 
1 1
84003 
61952 
1 1
45763 
78195 
1 1
63070 
74790 
1 1
59000 
10428 
1 1
32898 
45568 
1 1
64570 
80198 
1 1
77367 
84500 
1 1
91985 
5131 
1 1
38692 
25296 
1 1
81935 
59643 
1 1
2781 
77500 
1 1
87540 
86789 
1 1
68445 
31460 
1 1
38484 
77273 
1 1
28849 
92886 
1 1
56233 
98094 
1 1
57759 
10769 
1 1
74277 
4213 
1 1
85438 
2371 
1 1
61175 
20548 
1 1
69437 
72072 
1 1
66156 
38835 
1 1
14059 
67047 
1 1
7128 
34048 
1 1
68960 
12051 
1 1
99172 
68523 
1 1
42115 
18048 
1 1
77944 
18412 
1 1
95272 
64989 
1 1
6871 
26688 
1 1
51110 
17713 
1 1
69638 
59747 
1 1
30400 
45769 
1 1
40195 
20454 
1 1
54817 
82935 
1 1
91315 
49547 
1 1
96428 
80211 
1 1
49774 
29396 
1 1
28428 
77304 
1 1
31256 
89410 
1 1
33337 
41933 
1 1
91360 
715 
1 1
54707 
3695 
1 1
10405 
39276 
1 1
36217 
39837 
1 1
89190 
91244 
1 1
78157 
53945 
1 1
70532 
72052 
1 1
55389 
25382 
1 1
17015 
31688 
1 1
83212 
97259 
1 1
69341 
22551 
1 1
87929 
13779 
1 1
81588 
13461 
1 1
37478 
13980 
1 1
79769 
43591 
1 1
14125 
38247 
1 1
18365 
23539 
1 1
66030 
6364 
1 1
15774 
7189 
1 1
57374 
81476 
1 1
34176 
77706 
1 1
47796 
43014 
1 1
31840 
13709 
1 1
71045 
53433 
1 1
56652 
27583 
1 1
50019 
18593 
1 1
68508 
96869 
1 1
80806 
9643 
1 1
75150 
41831 
1 1
41837 
35470 
1 1
41152 
37496 
1 1
35956 
29113 
1 1
82965 
86927 
1 1
52982 
38940 
1 1
94301 
23907 
1 1
48245 
96007 
1 1
55575 
57893 
1 1
68619 
62652 
1 1
68758 
21840 
1 1
21735 
54238 
1 1
24695 
34372 
1 1
76339 
65887 
1 1
53781 
41778 
1 1
2182 
29095 
1 1
32905 
62446 
1 1
6325 
69335 
1 1
21599 
16600 
1 1
99481 
35069 
1 1
78620 
87580 
1 1
30696 
20997 
1 1
66515 
27421 
1 1
61679 
14002 
1 1
86153 
89089 
1 1
13064 
48865 
1 1
95888 
40531 
1 1
4066 
72707 
1 1
60656 
91512 
1 1
24296 
82018 
1 1
45218 
43302 
1 1
21868 
14200 
1 1
12693 
53289 
1 1
65518 
46771 
1 1
14646 
91982 
1 1
40064 
81667 
1 1
62215 
58127 
1 1
64364 
69515 
1 1
49098 
9240 
1 1
78819 
59350 
1 1
56702 
59456 
1 1
35487 
42904 
1 1
9361 
94362 
1 1
38080 
99436 
1 1
63231 
53346 
1 1
21350 
37005 
1 1
6345 
34005 
1 1
29819 
69137 
1 1
19253 
80298 
1 1
54317 
62079 
1 1
95801 
26362 
1 1
11468 
37073 
1 1
51815 
81285 
1 1
6048 
14611 
1 1
55763 
56676 
1 1
99034 
43113 
1 1
36 
58436 
1 1
15225 
63240 
1 1
93967 
86950 
1 1
63438 
20808 
1 1
549 
15756 
1 1
9619 
56236 
1 1
57537 
47771 
1 1
38562 
66558 
1 1
20728 
80277 