100
5 7
60312 11861 46216 48819 25177 
36818 36211 63452 71223 89561 29510 4412 
6 6
82806 31392 81829 78650 58345 11544 
93671 87273 2064 40208 3045 60805 
8 7
80826 39984 89739 36 32913 27196 31737 93812 
35731 77790 37967 27553 29529 9109 21447 
2 5
40737 79021 
70477 10619 74151 60406 84256 
8 2
60721 70600 39563 63441 32306 44421 77405 27446 
82009 59497 
8 7
18671 20425 88943 26201 42189 6044 47059 84764 
20332 47535 49438 78276 82378 59889 35152 
6 7
34203 61901 53986 22653 60020 73492 
53784 49998 61917 9727 41939 23426 2568 
1 1
62071 
25739 
8 8
24563 86975 37099 55957 5434 47154 12552 4836 
40759 84699 29191 39099 63941 15890 51932 96741 
2 9
98696 13774 
12466 42330 24695 17965 70387 13846 10913 9685 85475 
3 9
47095 78592 39486 
14156 16302 73559 79994 49878 33594 82189 18123 71063 
9 4
43269 94353 73306 15656 39535 43511 95993 65649 3647 
22351 1699 88783 72374 
2 5
86479 96965 
65564 17719 74286 26401 66710 
1 5
38737 
19608 76168 79781 90366 22667 
2 3
36711 35694 
11478 7671 14680 
6 3
50127 67175 44254 80774 31435 32989 
8848 90173 67297 
2 1
39133 41856 
41830 
5 1
29673 55369 25011 84904 41676 
82478 
4 8
38301 94978 34187 38006 
92230 94146 14213 25648 50427 85762 86857 39068 
4 3
79764 10712 90330 86374 
90298 82327 80401 
7 4
28630 30297 41904 40319 20158 25986 45193 
69530 50663 32716 92194 
9 1
1454 56654 61423 71420 69345 97017 39890 36487 75108 
21846 
6 9
58735 84737 7035 86923 91606 91670 
99628 11160 87849 56103 61602 42582 80732 42778 67469 
6 1
99820 11870 24115 46259 90573 66402 
64417 
3 1
49733 13751 63408 
20839 
8 8
21986 52882 40720 22212 38427 59099 64873 59385 
64058 92201 82648 30409 8791 21886 13504 24099 
3 4
80221 68781 87563 
19027 8661 35353 86463 
6 1
22178 80409 1113 92015 95982 6445 
29161 
6 7
28785 71271 54033 39429 84089 96628 
95841 21741 57831 5399 47440 47063 38113 
3 7
44045 32468 49984 
88704 70547 447 52012 63914 78472 50216 
9 3
59625 70926 38566 27237 51556 24258 17679 27272 20725 
98355 8729 18042 
8 4
11276 91675 56769 78961 21239 89828 24455 55449 
51362 63292 63589 88244 
7 6
44508 73517 10388 12751 83319 87263 2210 
66754 31839 73771 69687 28005 40177 
7 3
41461 95365 48151 96403 5205 9007 38228 
883 7967 99718 
5 5
5687 91990 33743 49126 16914 
32111 80023 20372 63843 3906 
5 7
10850 12335 72291 93127 55654 
91324 83406 97259 9549 83759 68212 25439 
6 4
88024 27329 67514 48248 72589 62363 
90906 18854 9991 58978 
7 3
5909 11298 30374 41884 86335 89060 6230 
1191 44512 85894 
6 4
87620 33472 17864 47431 21701 64663 
58134 17543 24273 17480 
7 4
93311 33427 5985 19526 28522 18834 58949 
72815 96253 5760 88158 
8 5
70320 31277 27434 53551 40549 80943 55972 51563 
53369 39956 33092 4378 824 
4 7
34773 39384 45820 38453 
62621 22992 85219 33262 13670 60422 83581 
9 3
90621 85501 92761 75238 15866 40685 77003 34641 31910 
62244 92147 54148 
5 8
26031 21446 84984 37276 92941 
92265 34209 41368 92264 84753 169 70429 39885 
1 1
31060 
51133 
8 7
9696 36142 73682 44473 35079 53783 53815 29656 
58288 58689 95438 65558 39906 67400 52492 
1 9
64290 
72502 63211 71160 65683 83468 69601 96205 61445 66042 
6 4
57360 89697 63415 78525 48696 90104 
52871 55649 65643 91607 
4 2
44695 33463 39877 37731 
96499 41429 
6 2
60411 97309 79708 89970 58644 98241 
21562 169 
8 6
68713 93239 23137 52239 78538 56775 12866 43335 
214 3781 35472 51737 47888 95185 
6 5
18380 16024 18063 11437 21654 30901 
26756 2657 26057 31950 25996 
1 1
58219 
33674 
2 3
9269 43955 
73670 76137 97729 
7 1
17549 85679 37208 94801 45401 27905 78619 
17554 
4 1
94541 4902 29450 35535 
3224 
3 6
67765 26030 64606 
37897 44794 4523 139 99020 52557 
1 1
9628 
9679 
4 3
42296 82002 56881 96971 
3546 79607 69340 
5 9
79042 63389 48361 89976 72929 
69573 52959 79734 86723 94020 89458 11846 18121 8988 
7 9
48458 3661 18325 9776 47423 3742 33796 
77716 42487 78644 33678 30254 52699 68451 3978 1636 
9 8
42443 60998 38265 15836 3162 39704 3900 40757 44275 
62665 30468 80158 41000 8450 91283 18856 21541 
9 3
64835 7032 77385 5580 95807 88303 28905 8128 39616 
52037 83131 71927 
8 7
71525 7362 37719 55531 3750 92267 76081 64988 
35243 63403 28314 95414 74928 82681 76280 
7 8
76060 64748 60796 54666 43064 46875 85878 
85917 13141 33893 73994 68080 81388 86740 70089 
6 9
57021 12744 88991 39827 57421 5396 
85680 88043 17582 48625 39929 95015 60458 42648 86443 
8 2
42715 17182 29691 76583 51767 83350 14042 78894 
64495 72547 
9 1
34837 71478 12343 67041 25019 8424 31738 63324 8353 
6393 
5 7
40361 67870 59745 43078 83124 
55133 4367 60849 66362 26287 37807 21928 
9 4
33938 92944 70682 16358 11231 82265 67457 94805 14104 
2988 33178 42883 57441 
9 1
76206 81194 80167 90632 69161 80802 37772 37314 1786 
76165 
5 7
81544 56981 23208 18776 56498 
95498 24244 54012 63814 49073 70006 63152 
4 8
37390 36721 38022 42793 
84838 20768 35456 31981 90924 74044 53429 72972 
8 6
29589 53466 59947 81287 30192 38639 60054 50528 
37905 68707 15027 77069 89422 28943 
2 6
44447 12268 
509 86883 26284 7193 74971 51941 
8 4
45993 19117 7741 25270 31360 86992 88517 78741 
11357 54556 1620 65686 
2 1
71316 43619 
90719 
2 7
33552 75044 
83222 66048 66493 25742 4711 73873 45711 
6 1
16730 86541 3646 32598 99820 89320 
10322 
8 6
73003 40349 69669 66840 47142 46859 62338 80951 
28107 74107 94255 93466 11788 67407 
7 6
99471 20042 24119 52729 36220 4463 15392 
52845 61754 60964 48780 6282 92741 
5 6
46673 52311 74866 3445 22963 
37762 27071 84713 87257 70624 24486 
5 2
4588 29611 75413 99130 76283 
59321 59963 
4 7
55521 50894 31774 45261 
5503 3820 65841 77516 58726 28856 36913 
7 4
7042 2666 82674 50424 42445 94502 7955 
1828 19538 1047 95824 
2 7
31542 28686 
8862 1106 27510 16472 99345 72596 2859 
9 9
35050 57545 63373 64115 2139 28000 79537 10365 11539 
8668 87003 8752 76478 3378 37963 55940 46697 42673 
8 1
57104 33799 34115 68729 28478 93740 90122 30724 
98700 
5 2
43754 5301 3995 36170 3477 
10501 24059 
3 3
58491 73199 10501 
74431 81316 48590 
2 4
24537 54206 
4034 72814 46761 12606 
2 4
58153 50795 
72833 52381 2184 54434 
1 8
52209 
99561 61267 98282 89823 39086 91916 29595 55503 
4 8
11421 13711 61464 84430 
52841 54406 21803 11323 8193 60820 22089 91211 
4 1
53875 38416 98515 31997 
44472 
4 6
62545 63617 21910 30020 
11167 28298 69139 24173 56789 86195 
7 2
26358 57539 6830 96860 33319 67603 74440 
52081 81031 
1 8
86263 
97783 20756 11251 83335 59251 20957 50175 92866 
7 2
82605 44973 33205 44483 97903 40649 68745 
31948 130 
5 3
49162 54298 73432 65764 40455 
30104 92771 12355 