10
67 26
54342 72911 35046 32143 88627 12523 22397 24624 31540 24934 28136 42571 40690 78168 34748 13515 10524 83083 50329 37174 23221 87383 89579 24210 68802 53323 49969 20153 813 4669 3721 31360 59615 79425 18610 9882 39212 78789 40935 47110 95470 59945 22585 72332 93736 80575 50767 51579 72014 66316 43762 34642 52294 38919 8962 3666 67006 12479 20504 35444 80258 37871 62962 1324 74163 51406 4838 
93619 39472 62704 11013 85445 56643 98942 76863 2107 78644 7862 68374 6500 29921 10321 82409 78394 17407 84657 99172 98057 8838 59778 84952 28364 71294 
91 18
26347 78579 98626 47813 5100 89909 35467 85532 9986 74351 92201 87651 69323 5553 15289 64443 29022 79520 61059 65269 83079 14564 8359 92849 67431 76979 76816 4746 93324 38656 19928 96 58206 13513 88027 56903 87056 38500 85221 80600 25179 61916 76490 48145 24618 76825 36416 83564 40725 90648 69368 80653 82823 53305 72498 96426 43474 75767 57509 74985 64554 58493 94908 25595 85184 14926 95379 71069 56441 19072 96845 2965 914 28193 82976 28622 41303 31680 19137 71741 21622 55459 55117 93001 96958 7591 10553 30077 73359 85199 28503 
17515 38069 75498 55465 36043 32172 74348 81945 58184 82643 14683 56733 2460 28862 44070 70137 82006 49843 
16 86
35078 22754 61172 96371 54701 20738 91672 44279 92655 88599 39936 94584 98983 18649 85034 80744 
72418 85763 24132 96132 39353 90714 46002 82580 49445 3835 33982 81671 74438 97324 76040 23815 23471 3793 87831 43551 42902 41064 60981 26009 51638 98886 33305 9092 73913 91805 40266 88694 70709 44354 47701 161 38223 89588 84688 78171 37249 30121 92402 29409 40840 31932 79908 87549 39300 95631 31057 58589 21331 77212 37999 5927 58066 10947 46306 69324 52766 20762 84287 59593 83112 93237 14809 21719 55307 25309 91767 13164 9610 52841 25355 1219 65477 12416 60338 43500 71125 87990 49800 79096 27112 46547 
63 25
86484 72382 1613 36950 95007 68418 7252 84587 24220 4707 41792 30626 67293 59246 81013 27869 13116 14296 16917 93923 87534 42570 85247 26761 52369 42009 39094 7515 82579 55252 70631 29046 99884 40524 42579 83422 27176 44327 28498 39226 42211 63147 76823 40491 51366 71324 7326 63046 74646 35306 20719 71207 31671 30701 52181 27969 45016 27843 27813 25284 32095 14046 89390 
17460 39646 76274 37242 60382 85949 76668 3684 81996 15046 15138 10164 35373 34520 88239 80107 14680 3817 21569 76454 46523 63596 74103 7940 4345 
48 87
1423 31998 3867 78909 68902 4051 40478 62961 7324 95073 86208 9218 56910 77858 71655 44545 9421 21441 67879 36689 1647 13769 20416 95001 51377 91007 70632 68528 93207 15725 32395 21267 49734 9568 96762 16810 30100 12558 70360 50177 82239 10753 14106 23324 37853 46782 38131 72625 
79799 3637 26010 21587 30493 31109 6849 50087 6813 66388 67279 42662 12183 85592 97109 2643 39659 11377 92126 96416 41247 93282 95482 22635 78098 72098 45132 84875 3890 37278 8920 83119 49356 87329 31239 29292 69839 7081 85577 35228 89656 82896 25783 17593 27207 87122 55576 13600 12963 76448 90597 3831 18809 65379 70192 94009 1708 55618 87182 16280 27232 24939 43012 72349 79253 4981 2971 55826 80897 6433 21565 59087 48877 82173 31703 91288 78392 54206 42943 8353 9018 68598 73924 83303 53338 84137 51928 
26 79
45066 48619 93430 27052 35968 85137 24321 99013 67803 32002 60101 21279 98067 49715 21941 77026 45183 64475 48064 28253 17495 50066 721 12560 40599 91781 
2962 60350 33269 41165 71128 11923 51845 31345 67686 26609 95719 11951 10816 66772 42421 79839 42140 8373 59827 27311 72021 76738 25124 2984 93058 31328 65429 82197 76722 26439 23341 73587 45528 56203 42192 46359 43676 51672 60423 48865 12835 35384 2231 3226 16490 54533 52529 3017 46295 7726 8277 11462 86869 52233 5333 56119 11707 28820 30277 42683 32179 69375 39989 65319 24045 58977 28316 73881 11447 8467 98738 69351 97072 56203 24759 38050 88975 58422 5554 
3 89
46421 53492 61539 
79680 25823 82204 18356 54210 68214 99167 41646 35306 98711 45146 91328 22598 14354 64327 42965 15654 77665 33615 83716 79975 17373 27315 16011 13975 33938 44313 97549 14384 51457 78842 66624 30649 79416 73091 50306 45011 47914 50128 29687 14315 58169 89011 41160 62036 46491 70476 25647 14562 94349 91166 98670 34472 29800 17200 3389 15358 56211 23676 25948 67695 13124 45777 97942 43322 21018 49224 84298 17266 86867 13117 56565 70011 50601 6540 81367 90696 33908 31856 11705 52335 12326 2213 54795 93812 69128 18540 4350 80262 
6 13
67405 3332 73387 23609 86309 25941 
76238 93612 54935 72315 19196 56061 54901 13389 35742 31605 92328 129 10359 
41 98
52882 8133 72683 69608 23547 82864 70820 57137 9190 76217 18916 93331 10653 39263 44303 24571 97793 4793 83962 54662 64159 13823 95889 48859 28230 52970 36156 30063 65811 90716 63644 6426 38704 10040 79036 5627 18494 22508 52421 55261 91102 
14641 44732 41058 67688 21197 82257 95045 20559 42008 581 14336 8928 19104 34567 87840 58703 69054 94380 13047 12882 21848 34045 17836 74746 52057 88658 63436 24715 678 29154 93689 3524 76711 59352 13161 19363 96444 59091 21965 54656 65326 59290 8788 19357 32456 20133 5182 21959 50910 71863 34031 6853 58490 69236 42998 37240 52933 5284 99757 86485 73243 27794 40044 37631 14514 2809 1772 80711 97451 73429 48914 40593 85807 69336 87394 64257 94983 32735 1834 45729 63355 39747 96857 69340 64140 12828 9527 7554 20166 39398 70511 18271 46454 34617 30786 48360 86284 12145 
38 65
25230 55686 41275 5313 64632 16299 29640 52990 11110 95663 55066 30924 91859 13892 78273 18783 36920 1987 77430 91042 78997 3652 98887 1695 9065 18938 92409 29497 91668 73077 65724 37487 87735 47853 13668 93540 54612 70002 
25683 44935 93207 11386 52148 39231 90304 19036 14752 36165 60467 59722 79050 60889 26429 33269 68407 7514 89468 81637 87634 13776 31970 96654 41965 92564 63253 8281 82388 24131 66684 17425 81924 83971 31221 22583 49048 5709 53732 77954 14303 55740 79805 12174 84001 26959 10216 31461 40992 42594 37824 28706 86598 97982 95407 20922 60140 58062 88768 41468 42858 71420 61423 20608 51574