100
91 96
42 93 98 6 24 17 34 36 2 25 85 49 56 19 10 48 46 12 15 79 67 58 91 58 75 11 94 87 65 42 3 13 35 37 85 49 97 89 96 39 3 45 52 54 28 63 1 73 41 88 5 97 10 37 47 23 97 54 32 29 58 13 30 65 38 67 97 98 9 11 57 30 49 27 63 11 18 79 75 12 48 12 60 85 53 3 10 95 75 60 15 
127 613 137 348 117 649 419 128 618 175 799 272 850 125 144 126 675 930 883 736 404 844 148 476 856 661 254 565 851 197 818 841 736 679 758 608 939 870 969 891 500 439 597 688 793 949 915 564 557 348 612 254 183 115 903 926 666 712 686 184 991 988 193 473 366 284 640 689 444 175 513 872 831 802 474 437 592 746 718 340 491 720 386 396 338 639 327 791 317 288 374 853 465 873 119 214 
69 70
21 96 2 13 80 40 6 22 57 51 19 78 13 48 19 8 71 42 40 92 91 61 26 80 97 65 94 61 88 11 51 52 86 16 70 60 84 83 10 72 56 34 46 52 29 25 51 85 22 15 43 20 82 2 34 22 79 80 63 70 39 46 18 18 44 66 42 17 42 
572 100 675 748 841 358 586 297 787 383 314 217 469 664 857 357 715 948 787 689 744 259 547 471 581 295 749 491 602 372 887 731 241 900 203 765 593 439 237 885 692 219 798 793 262 862 121 549 952 429 882 138 908 810 959 140 482 837 461 422 577 131 968 844 416 134 847 650 811 250 
17 30
68 78 14 94 71 97 50 26 43 96 95 99 24 17 48 89 76 
698 616 329 323 460 770 773 544 338 973 779 917 964 880 144 657 382 248 689 979 706 725 952 147 708 575 466 514 839 159 
62 75
98 87 56 89 16 81 35 82 55 45 40 95 34 30 86 39 21 15 4 32 32 99 78 21 74 54 51 90 56 68 77 41 86 64 17 96 12 49 79 77 91 41 25 53 80 77 58 49 81 37 57 39 23 33 29 26 75 97 69 50 33 89 
810 195 835 604 782 402 543 594 226 591 604 921 406 943 743 622 393 674 110 917 602 444 255 118 131 286 858 762 493 989 259 783 382 431 639 635 465 620 555 197 305 965 288 948 295 565 487 170 918 683 266 691 801 440 129 837 666 739 320 733 710 511 646 973 780 871 338 233 432 540 290 887 769 587 792 
63 31
28 70 88 53 60 39 63 49 9 81 24 94 25 1 12 26 6 6 22 8 67 48 48 19 91 60 57 61 84 19 73 55 75 36 42 66 25 80 49 60 75 83 13 60 60 2 18 69 1 70 82 82 86 10 36 2 79 96 62 59 5 59 34 
389 228 264 677 351 666 458 423 236 413 309 533 749 598 292 892 319 827 543 686 525 286 963 994 268 533 507 204 232 824 669 
89 55
67 10 9 22 2 89 82 98 99 65 54 88 88 15 14 12 79 42 22 92 25 95 20 7 29 93 2 55 30 17 36 11 18 56 10 89 4 95 26 74 64 22 8 40 54 67 13 1 82 6 7 32 53 36 79 9 30 12 56 25 61 8 76 48 4 21 35 22 6 58 36 3 1 77 99 75 12 98 86 87 29 36 44 11 18 36 28 16 40 
860 101 521 364 479 880 643 311 812 649 754 892 875 918 882 774 408 205 424 623 885 217 976 425 678 222 390 664 917 772 215 664 761 579 160 279 845 269 165 777 378 754 173 632 888 863 518 920 855 372 610 286 267 532 159 
49 93
63 14 67 76 6 73 70 99 49 67 58 9 20 48 19 43 91 68 74 88 55 8 58 5 73 85 81 62 66 98 14 47 48 65 72 78 23 60 81 54 78 99 44 4 81 10 60 13 25 
631 780 787 430 355 853 845 535 423 276 741 277 453 781 509 979 972 404 601 222 642 746 385 671 560 159 734 201 741 715 665 470 775 578 747 468 454 931 654 438 607 894 162 305 802 173 227 978 508 117 221 458 481 111 913 520 319 938 708 401 857 155 571 769 425 454 276 637 264 714 197 113 394 146 905 667 778 613 174 169 379 276 232 598 468 733 428 231 929 768 737 176 157 
96 21
46 58 22 8 94 83 24 26 13 9 77 73 36 54 18 67 99 37 53 10 48 63 1 34 40 33 78 62 82 69 6 52 16 41 82 14 11 14 90 47 12 38 44 45 7 75 32 92 18 14 43 93 5 22 41 38 54 90 52 41 58 65 60 65 62 93 65 69 16 94 42 10 92 52 54 52 91 43 17 50 71 9 82 85 5 93 96 56 38 63 40 64 95 63 77 32 
807 714 664 624 666 916 376 225 151 687 571 553 763 318 176 118 512 305 262 436 413 
2 87
31 44 
187 979 153 401 521 382 244 105 381 407 403 848 427 653 307 925 948 204 821 402 188 464 594 463 885 823 677 376 317 319 561 471 921 310 519 417 809 459 443 618 604 484 653 417 644 829 856 453 165 738 688 207 850 470 473 397 737 397 101 504 336 278 857 855 351 245 870 680 914 762 712 534 451 302 903 883 365 980 779 698 984 193 457 946 338 626 303 
68 9
52 80 37 19 15 38 6 86 61 78 81 95 95 40 41 43 67 41 19 19 24 79 28 85 46 96 20 45 10 16 70 56 28 46 90 41 35 42 41 92 36 99 64 29 20 92 1 61 45 35 53 9 45 78 48 33 53 63 21 20 55 48 81 71 92 79 54 67 
747 664 696 665 520 366 640 215 115 
36 39
17 41 28 8 3 12 77 76 4 8 2 76 84 97 34 26 18 72 55 9 42 89 31 74 71 86 69 56 43 49 41 88 71 17 84 73 
763 601 551 722 353 672 408 139 340 160 829 984 937 685 317 631 434 581 150 692 378 257 765 788 136 604 615 175 755 161 728 294 440 455 207 107 144 503 938 
67 15
69 15 76 86 44 22 49 34 85 58 68 8 80 21 6 11 69 50 6 22 29 70 31 44 18 17 91 25 67 95 9 48 60 33 59 58 82 95 6 31 46 80 84 54 29 91 38 68 69 70 87 63 27 35 42 99 32 78 65 19 86 42 15 36 48 84 31 
472 166 671 115 803 457 273 609 751 877 907 512 689 903 468 
38 2
31 46 34 12 31 17 34 32 67 45 97 99 12 74 51 75 79 96 51 34 45 38 66 99 33 73 83 85 46 78 18 49 54 13 33 60 13 34 
124 275 
79 78
6 94 95 87 64 58 91 21 22 49 69 98 51 18 11 23 5 46 3 26 90 86 4 89 38 92 91 5 3 75 21 47 61 68 81 45 40 29 97 54 82 72 32 71 49 91 60 23 13 66 60 27 74 59 19 20 73 44 89 5 47 76 63 96 18 31 89 82 38 67 67 60 62 86 66 72 71 29 74 
824 406 552 663 187 256 939 466 146 772 837 643 572 240 600 296 362 529 657 988 561 944 378 623 342 529 660 577 254 918 691 919 631 225 169 442 160 969 437 990 105 858 811 340 868 636 152 581 632 554 405 107 541 416 130 327 804 980 517 776 211 732 810 925 479 463 894 634 942 524 384 343 372 870 154 555 583 412 
97 76
86 89 65 72 71 17 77 42 2 84 65 97 59 98 21 42 21 91 48 31 55 12 98 4 34 55 53 27 44 58 30 16 97 51 96 73 90 86 60 57 6 58 58 74 91 66 81 47 8 9 36 1 77 14 59 15 34 43 76 99 27 90 5 79 88 31 91 72 59 72 99 69 1 43 40 75 32 57 73 37 70 94 14 97 61 64 79 47 32 75 65 8 26 45 23 47 17 
481 680 984 430 966 480 371 160 545 782 540 827 716 489 763 997 403 891 904 674 839 394 116 309 853 474 547 255 222 204 965 783 603 405 190 510 218 225 762 854 275 973 955 301 604 175 890 941 494 814 795 693 532 961 391 510 634 796 823 571 394 718 535 972 586 954 990 521 756 289 694 889 904 362 778 639 
4 18
34 70 46 10 
101 644 810 669 210 498 391 474 332 119 628 452 443 736 279 315 209 498 
10 82
84 52 83 51 42 75 18 35 75 7 
662 252 776 724 365 927 310 711 781 727 353 376 796 208 193 100 521 141 121 217 604 859 283 962 369 820 950 231 527 607 941 995 470 936 629 856 264 705 745 881 402 639 218 928 427 505 474 767 759 812 114 569 809 633 135 559 126 774 622 956 349 450 296 602 114 545 404 377 800 958 340 428 784 937 850 567 114 211 872 719 489 329 
21 63
45 91 60 24 88 74 91 43 51 66 4 3 9 7 21 62 31 21 86 87 78 
799 425 412 457 806 513 746 925 628 771 583 182 522 843 743 778 544 248 533 635 406 766 319 724 145 230 754 935 722 716 426 301 294 159 962 325 969 728 391 590 617 365 681 340 341 461 213 764 934 765 597 711 632 766 362 617 546 527 446 943 218 304 368 
31 26
36 18 72 33 72 37 5 17 79 25 92 49 1 56 55 21 4 67 6 18 78 33 59 69 75 84 33 66 73 4 16 
159 676 407 933 213 802 173 182 291 492 336 135 558 865 604 254 184 552 844 872 144 621 738 527 167 881 
73 54
98 82 53 60 39 48 73 76 97 98 32 21 53 93 33 50 22 45 98 79 51 94 55 4 22 61 41 78 38 46 24 45 80 41 29 23 30 7 34 2 82 24 7 81 12 97 3 24 56 63 2 97 39 8 75 51 86 24 60 15 2 49 48 63 49 83 51 64 9 83 78 62 16 
500 236 647 734 115 503 647 378 872 565 116 761 385 858 685 719 137 605 769 746 218 295 892 117 341 628 150 584 514 627 374 581 983 380 258 557 307 968 138 246 715 604 731 951 894 152 971 572 440 793 112 495 885 728 
97 12
37 75 3 34 1 60 34 30 42 39 82 25 77 26 90 1 58 27 14 42 5 6 5 21 26 31 65 48 90 86 67 70 17 2 51 80 36 75 67 56 45 86 67 41 27 62 65 45 94 85 97 37 72 76 75 69 39 49 82 90 72 71 95 55 25 39 18 80 91 98 20 43 17 57 7 78 55 46 20 67 36 96 77 88 26 47 67 37 55 69 66 15 2 2 56 24 10 
360 947 989 533 572 434 560 486 776 185 264 706 
9 54
44 16 22 73 30 50 17 81 74 
263 595 966 938 772 246 787 360 811 306 750 326 564 369 993 682 703 330 558 573 221 803 715 437 228 116 568 754 182 255 591 303 250 352 269 472 609 424 383 637 906 800 567 470 552 718 374 891 816 165 817 143 434 127 
74 57
66 63 53 93 4 92 81 31 98 32 69 55 40 3 76 12 59 73 68 18 65 48 31 70 42 7 54 84 51 9 31 34 83 50 22 38 50 12 57 85 1 22 18 76 31 43 93 79 11 56 47 35 85 12 32 54 33 98 1 63 37 72 14 27 13 79 82 56 86 3 45 78 11 73 
511 829 695 666 743 720 379 176 836 354 819 197 821 541 255 743 128 775 688 391 978 583 189 299 318 645 124 202 795 889 518 319 462 959 489 658 114 517 719 490 451 614 535 838 510 370 517 789 178 523 577 181 766 492 471 207 310 
9 96
87 68 90 70 34 18 33 86 72 
170 109 487 294 883 121 851 454 555 647 777 134 690 514 367 667 882 271 224 762 817 179 599 912 667 985 269 757 761 630 393 340 963 452 872 968 548 868 699 988 360 482 197 835 841 627 470 742 977 995 336 830 870 608 632 357 145 285 653 406 560 828 482 527 365 107 159 845 877 226 865 317 169 883 842 121 224 920 754 382 745 383 517 445 255 910 217 238 386 525 878 739 489 654 443 671 
31 3
82 50 94 53 75 99 15 17 39 72 70 97 98 88 94 43 15 86 51 74 3 55 93 62 8 61 13 58 64 51 7 
140 758 486 
38 19
91 27 10 85 68 84 55 30 56 90 8 25 69 32 5 8 72 51 1 78 1 90 41 87 76 96 99 3 60 23 6 1 97 46 43 29 45 25 
287 240 504 669 758 385 105 175 131 606 418 482 879 984 600 752 111 225 541 
93 63
45 12 37 85 7 86 84 35 40 2 90 59 60 52 18 62 17 30 54 74 12 1 62 12 2 70 77 54 63 19 52 63 77 76 16 68 32 22 26 86 63 23 42 7 71 1 74 66 84 8 17 58 73 29 21 76 55 50 2 73 64 38 42 5 6 89 86 81 55 8 10 9 20 71 82 85 12 23 19 41 66 44 91 54 55 15 17 66 48 45 52 91 11 
731 623 828 937 313 281 444 657 817 581 835 624 329 556 615 809 659 822 652 399 654 721 876 289 919 749 324 596 208 623 754 540 957 220 545 757 513 115 286 858 324 981 414 333 650 574 222 106 967 388 260 281 736 309 945 482 630 909 511 287 921 214 210 
97 49
51 35 94 11 20 80 76 24 79 56 67 40 8 83 67 85 23 25 81 73 15 48 79 45 40 92 71 21 31 57 81 86 87 52 89 74 88 67 6 20 28 21 49 33 25 69 79 48 28 62 72 90 22 93 88 81 66 44 50 67 41 56 96 63 77 59 61 36 91 88 78 9 88 53 8 67 3 8 29 59 29 36 52 15 98 17 58 10 26 64 79 86 94 30 3 55 4 
400 159 992 534 824 816 644 694 152 286 981 590 587 939 780 243 705 222 865 598 393 694 230 486 961 500 148 128 720 396 883 962 733 602 702 195 270 525 664 119 696 201 118 638 930 748 862 240 173 
41 94
65 8 58 75 97 79 9 32 7 60 36 2 67 11 40 53 80 44 66 85 67 90 65 2 37 71 31 78 45 77 85 14 94 95 63 52 34 2 46 88 53 
383 459 481 845 933 842 291 577 248 893 771 876 649 861 170 498 682 816 587 915 311 761 490 637 165 261 854 925 634 118 731 251 306 453 682 549 316 269 592 887 956 807 768 837 688 610 963 154 605 797 427 182 245 405 938 193 118 393 338 738 631 836 356 413 894 205 778 399 885 428 471 991 479 874 682 551 164 606 975 652 544 603 357 622 610 591 853 395 118 719 134 212 407 642 
81 68
16 56 92 96 63 43 90 78 51 38 33 55 36 67 23 40 4 71 86 48 18 61 74 83 36 49 89 10 89 18 44 89 75 56 34 65 80 59 73 36 3 59 66 51 6 32 9 62 93 83 17 20 5 23 14 43 4 89 13 40 73 2 91 97 92 71 28 23 96 34 88 70 39 22 67 32 54 24 88 64 95 
581 115 559 540 826 282 110 735 629 884 359 704 206 443 570 524 536 532 300 932 901 528 654 781 205 120 990 237 524 874 515 971 771 554 820 237 134 841 636 824 628 734 372 202 210 556 468 935 672 821 339 121 876 974 925 305 321 667 649 507 638 477 564 373 289 732 659 496 
68 86
65 99 35 40 38 45 66 78 62 8 84 5 77 63 18 53 87 43 87 65 56 84 22 55 63 37 26 67 47 14 63 69 66 82 7 3 21 78 99 13 39 65 58 10 82 92 26 67 87 31 4 62 95 35 68 56 31 49 81 71 80 28 18 96 92 63 28 22 
797 874 847 752 626 414 377 349 401 856 473 258 457 233 305 934 478 765 197 124 271 109 723 863 421 383 624 662 678 747 716 772 362 340 516 193 405 106 824 995 532 471 612 316 265 880 429 497 994 815 607 117 862 686 159 604 678 516 904 288 276 793 303 404 294 897 218 534 914 209 859 617 385 297 219 879 704 615 991 539 451 921 638 595 780 200 
28 80
74 36 94 35 75 51 41 71 63 58 62 35 79 56 9 40 71 17 21 51 69 34 72 1 46 91 95 30 
603 929 845 301 415 943 728 606 131 645 899 892 849 245 221 377 238 583 271 336 543 557 981 997 456 309 971 992 920 224 605 595 606 586 695 711 133 605 783 330 489 886 371 761 256 594 448 236 450 864 330 106 878 158 491 682 519 682 874 247 338 743 793 501 542 743 701 963 814 472 277 118 347 683 407 836 244 325 982 289 
5 35
42 38 6 77 24 
726 577 814 532 917 186 270 851 467 534 173 513 811 834 211 623 231 471 525 178 459 817 140 105 942 918 691 786 221 306 497 950 939 878 567 
31 45
49 32 65 87 35 2 38 8 53 65 29 40 3 1 58 77 18 92 91 73 44 18 46 45 64 72 38 60 33 34 90 
369 780 211 767 317 148 753 793 439 879 492 128 129 734 269 703 832 403 371 642 157 385 358 242 529 143 467 419 596 590 750 909 910 481 337 540 191 555 671 551 721 838 774 716 185 
73 66
6 79 34 44 81 75 40 83 63 28 36 93 56 64 36 64 18 60 43 55 62 68 52 94 72 41 21 36 31 91 66 43 67 41 62 18 70 60 78 84 66 89 56 12 75 38 50 37 34 79 62 81 96 56 8 53 87 56 70 40 47 90 14 76 19 13 59 84 73 23 22 55 18 
756 856 264 260 836 596 532 444 448 489 947 441 685 863 990 988 404 204 557 770 609 977 457 946 742 530 513 788 201 747 579 691 266 124 125 309 761 191 270 721 512 907 287 156 437 920 143 238 829 963 284 625 796 476 913 921 132 480 286 482 999 495 360 799 550 309 
71 40
99 22 86 22 19 84 86 98 16 78 14 33 92 18 53 30 30 76 39 13 14 81 11 71 43 80 90 28 89 76 23 41 21 11 82 93 6 38 93 64 13 64 24 34 75 22 93 41 58 12 39 20 52 89 95 87 59 88 4 12 90 27 50 68 65 8 36 56 25 60 31 
125 154 859 999 218 976 372 447 220 789 576 144 257 765 636 599 526 489 124 251 888 147 249 699 981 460 744 170 534 414 589 134 916 674 721 187 384 675 948 820 
25 94
24 53 60 16 65 13 81 95 71 6 38 66 28 56 33 72 32 37 99 29 46 94 25 86 40 
829 922 229 775 669 190 754 338 713 879 138 921 112 542 864 731 522 643 103 780 526 290 751 626 325 757 537 298 449 103 811 421 905 444 528 508 800 915 974 313 943 791 861 977 681 361 352 465 259 822 695 302 273 980 360 617 442 423 390 179 461 156 540 685 712 892 743 263 735 379 855 486 555 418 799 996 743 348 114 559 241 922 232 278 299 564 260 880 426 608 809 687 964 555 
26 78
42 78 77 99 84 18 6 10 77 98 60 80 63 17 74 84 9 20 76 73 31 18 46 2 28 24 
486 161 619 176 156 737 908 498 438 704 276 675 488 103 958 723 715 326 290 935 701 578 166 195 765 403 289 957 222 315 527 922 571 563 208 962 366 135 349 303 400 765 337 460 688 367 138 744 393 800 678 690 398 393 651 524 615 211 713 900 164 410 652 563 565 931 894 709 723 631 284 781 105 778 223 346 362 563 
94 37
29 29 66 67 72 28 83 85 67 23 75 77 12 93 95 27 69 94 90 42 56 11 17 44 6 83 90 98 8 92 90 11 62 24 99 86 58 57 98 20 21 45 23 4 52 83 88 92 13 17 54 47 25 27 8 25 45 44 28 24 44 8 17 83 69 96 9 37 5 70 12 72 25 17 45 94 58 77 75 21 81 58 30 96 85 94 15 69 69 42 49 95 27 62 
905 578 566 369 116 393 461 809 210 180 195 549 368 111 573 416 848 584 264 374 885 899 243 727 996 227 378 336 444 916 934 455 413 130 389 457 731 
9 26
26 92 74 97 72 47 68 69 20 
723 958 725 613 562 341 907 564 969 372 661 701 877 502 603 719 344 226 381 862 410 554 830 720 948 629 
78 88
96 25 90 42 69 34 82 91 56 70 17 84 76 1 71 30 48 58 59 84 57 93 76 1 14 59 49 93 87 88 33 76 85 1 12 29 76 87 22 64 30 8 16 80 28 21 67 82 33 28 49 7 25 37 31 59 19 36 75 52 60 35 62 1 28 70 35 21 49 73 13 61 96 53 12 71 73 27 
195 276 258 979 861 509 572 161 545 584 779 923 277 325 545 656 587 560 772 283 817 847 435 134 201 199 244 784 613 861 977 513 873 283 877 499 616 438 367 512 645 176 676 867 885 187 833 828 697 216 628 475 322 625 420 164 943 233 416 469 787 463 219 773 123 302 927 792 540 970 800 143 725 203 937 860 906 385 543 520 462 582 769 507 756 366 683 750 
77 89
72 87 38 79 44 79 19 28 45 69 7 98 42 4 90 76 92 50 27 83 10 68 37 41 77 6 41 16 74 20 61 40 23 28 52 11 34 21 89 29 29 14 45 85 9 12 2 24 32 49 98 86 3 49 1 81 12 28 75 91 71 96 98 58 92 66 88 89 83 12 42 64 34 1 75 99 45 
623 326 966 724 900 391 799 155 568 484 903 615 471 905 360 783 977 849 468 617 584 331 229 207 878 790 955 330 335 615 428 700 682 416 869 238 819 546 328 107 875 602 770 199 220 389 718 978 181 771 482 452 614 290 602 453 172 895 187 378 258 779 363 369 115 866 976 387 285 491 668 759 308 549 635 848 959 779 213 479 832 422 475 262 632 164 125 983 924 
17 50
51 90 43 53 47 72 65 34 50 9 90 54 36 36 15 20 25 
897 368 481 449 306 136 472 663 836 211 457 720 622 303 696 994 368 346 622 343 278 847 144 242 804 849 818 797 649 132 543 820 420 861 677 955 286 844 907 888 416 173 514 457 182 849 950 712 918 152 
24 46
62 68 59 58 58 89 49 33 91 51 52 59 39 72 77 75 86 60 27 36 90 79 22 92 
373 284 641 213 397 456 464 391 518 120 504 851 654 409 460 827 887 134 618 470 120 634 695 142 333 577 623 855 806 278 436 194 253 534 154 705 749 803 275 912 427 801 983 993 944 210 
59 71
17 86 60 1 98 60 24 98 36 72 49 78 14 56 9 19 26 47 46 83 61 86 19 36 17 75 47 53 90 18 32 67 20 84 87 56 63 78 89 18 22 20 50 87 44 91 96 39 52 63 42 91 94 96 5 66 26 70 48 
158 795 139 205 294 962 655 884 530 161 716 315 481 520 110 454 881 277 782 406 808 368 410 182 922 454 874 341 554 268 655 515 338 615 733 292 751 296 923 528 444 680 385 976 851 997 780 997 704 979 160 759 442 652 430 481 682 886 822 390 508 481 395 641 171 285 685 220 704 888 294 
35 38
57 25 13 7 91 18 12 63 61 45 63 48 66 61 70 13 38 79 90 39 50 26 89 17 81 24 58 10 61 60 59 54 87 5 46 
874 758 240 805 223 736 688 539 360 627 192 398 290 995 196 584 220 367 562 549 622 445 347 593 410 816 892 694 755 583 892 280 888 876 855 721 473 414 
24 95
77 50 27 86 47 24 7 35 42 66 17 35 75 61 83 73 2 60 94 54 52 96 48 91 
715 354 200 952 659 202 621 468 764 766 449 364 391 595 172 259 989 280 836 960 682 110 428 216 289 461 466 189 566 664 326 789 174 555 332 125 240 366 134 710 288 463 422 609 497 237 895 857 166 443 479 605 312 347 124 914 121 503 501 834 873 984 691 906 666 805 907 999 307 449 510 153 113 183 712 442 422 147 190 768 112 868 380 489 261 894 339 588 316 744 949 664 956 697 915 
15 43
56 17 98 69 82 84 56 65 94 70 22 36 36 99 65 
270 125 570 533 801 970 694 289 397 160 859 204 548 902 848 999 266 246 217 906 188 965 437 479 424 908 210 654 667 837 552 809 270 917 412 190 256 475 103 444 706 676 794 
91 75
16 5 73 47 79 51 38 4 31 55 82 53 20 71 71 61 64 51 13 22 17 14 26 78 24 64 72 5 49 90 35 2 13 32 90 29 68 55 8 67 4 69 92 25 19 33 1 67 51 36 94 77 48 35 86 2 19 6 20 31 48 9 38 42 82 28 98 85 59 26 4 62 66 67 12 19 28 15 43 95 90 65 69 53 10 88 32 18 57 72 48 
514 477 285 727 921 175 336 437 652 524 820 537 987 194 841 546 710 356 250 622 574 671 330 967 598 709 631 457 760 490 246 577 804 522 811 281 584 244 526 552 624 510 266 803 697 873 273 664 184 883 934 363 795 699 618 916 710 432 213 406 720 882 371 573 433 789 913 649 930 735 460 398 855 137 285 
62 95
51 98 55 43 37 53 40 2 13 9 72 18 14 97 18 33 64 6 94 84 32 25 38 5 91 45 2 34 55 62 52 35 47 30 5 17 75 87 78 39 63 11 50 69 34 75 35 13 5 18 95 31 17 53 87 26 96 86 84 93 83 56 
590 671 959 130 168 438 957 219 656 106 850 841 355 452 595 824 564 994 115 369 144 670 769 175 772 564 698 846 500 740 304 326 324 262 290 253 658 145 402 570 965 387 276 601 438 432 699 958 726 704 554 403 921 876 579 776 659 921 468 943 273 515 774 915 935 580 121 268 649 764 532 350 538 774 160 369 919 401 280 635 620 511 154 121 593 991 970 979 990 485 394 801 933 573 604 
92 7
23 44 78 21 37 20 90 54 58 96 48 66 52 88 99 13 15 71 76 65 92 56 19 37 93 71 87 87 81 67 31 8 86 74 85 32 39 80 65 41 10 14 98 11 82 49 82 43 22 8 73 25 70 29 42 70 47 69 81 83 9 87 37 25 43 70 66 29 6 62 29 86 94 33 46 73 28 90 1 78 30 69 19 56 99 27 16 4 71 17 64 64 
578 993 681 970 861 171 437 
97 11
74 9 93 80 86 79 63 64 46 72 7 84 69 8 12 79 61 50 41 79 96 55 82 50 29 7 22 84 30 69 97 57 9 3 97 24 93 92 26 38 54 76 27 10 59 87 17 45 56 47 1 26 27 73 55 58 18 39 27 96 51 85 8 89 60 36 86 84 15 83 55 79 37 6 42 26 44 64 29 83 92 69 58 34 28 54 84 89 21 91 65 96 76 84 8 26 84 
352 662 659 359 869 292 499 177 536 662 984 
18 41
23 85 69 22 12 47 18 90 97 61 25 38 39 29 52 87 75 22 
736 975 254 666 496 266 345 835 221 933 491 115 313 738 184 253 922 684 737 147 320 985 270 787 931 223 508 985 456 138 214 597 500 840 399 868 296 682 924 316 803 
58 43
19 40 47 68 19 86 54 74 44 33 3 63 27 35 61 49 71 14 35 93 34 94 92 15 35 35 72 54 5 96 51 7 58 92 7 14 26 43 95 28 23 47 56 53 23 8 95 80 8 85 86 40 32 25 82 38 60 45 
854 159 986 454 503 799 983 910 680 791 255 755 472 780 751 896 811 680 505 350 110 577 314 544 316 325 567 356 544 409 278 188 878 554 905 850 881 382 638 851 780 331 909 
4 93
84 74 9 21 
941 353 304 502 261 711 650 434 949 180 952 651 888 720 204 921 792 652 755 341 402 978 595 239 975 585 916 501 675 650 408 582 576 641 987 304 359 377 386 450 256 455 374 122 697 746 204 414 764 230 105 764 337 291 342 907 660 610 606 461 142 450 381 872 899 222 432 345 483 795 585 877 664 446 231 546 780 473 373 164 613 163 247 787 431 456 989 711 210 373 591 669 508 
43 1
3 26 99 15 40 40 3 49 27 98 19 74 71 36 3 53 4 27 22 60 29 12 31 8 43 72 65 60 48 63 10 93 28 35 44 48 49 73 17 41 68 16 96 
859 
50 84
80 57 3 49 58 19 99 76 36 15 13 39 6 83 16 89 80 54 20 29 98 65 95 39 47 56 76 80 2 99 36 7 12 71 67 60 47 10 90 21 81 16 90 41 74 8 35 51 25 87 
830 796 653 113 406 744 795 504 969 187 209 987 246 875 897 540 782 126 945 912 220 168 256 796 451 383 301 585 229 399 947 555 104 609 421 265 421 725 974 374 981 708 248 714 271 868 239 822 724 797 506 893 990 157 963 995 353 949 962 750 156 777 963 741 258 218 172 545 989 457 909 855 515 947 965 996 404 525 114 246 398 328 807 645 
25 54
59 98 19 87 39 53 49 81 94 88 14 60 52 71 94 70 38 22 99 54 38 17 62 24 73 
335 976 424 289 795 757 463 642 292 729 998 233 710 355 691 426 297 316 962 627 985 412 351 568 350 353 192 716 370 949 375 200 792 683 794 902 349 179 222 195 806 790 510 581 391 649 220 132 655 839 520 880 135 688 
78 35
6 64 28 14 9 4 23 17 38 63 52 56 55 87 19 46 8 25 71 25 97 11 75 87 88 80 37 46 65 84 36 56 50 69 96 86 86 76 99 95 10 24 79 44 13 85 57 25 58 76 95 34 60 21 82 89 12 63 83 99 33 83 32 65 42 33 79 93 86 56 33 77 80 81 2 37 49 53 
689 482 128 790 741 549 164 825 866 526 488 446 200 921 355 264 242 261 815 915 914 758 754 303 271 527 141 138 232 360 211 990 404 844 770 
91 74
47 75 9 22 88 82 22 2 3 63 1 73 40 20 75 95 55 28 86 60 16 9 45 26 83 88 92 33 82 25 61 16 79 41 65 6 2 39 99 56 30 84 17 75 5 57 84 34 46 52 18 62 2 21 20 34 30 53 95 77 26 13 88 75 82 39 91 46 40 72 15 97 87 44 68 51 40 17 75 70 37 94 91 69 49 23 7 34 77 60 20 
168 730 219 502 755 914 936 707 839 518 636 915 822 457 968 497 842 669 856 927 751 480 106 698 200 675 417 810 580 606 497 121 126 836 615 134 522 886 901 115 597 162 889 665 458 572 263 190 341 424 538 140 151 636 920 815 867 804 251 581 135 888 624 260 210 215 892 116 755 805 625 481 958 300 
72 48
60 72 52 29 65 48 80 84 63 52 62 73 59 38 98 69 65 71 29 4 16 91 50 20 97 88 94 14 38 12 95 33 68 33 78 4 73 22 25 1 13 61 14 45 96 18 35 88 88 4 40 19 9 45 99 94 6 84 90 78 66 38 81 89 50 78 12 42 18 48 33 39 
765 477 987 264 239 596 870 354 397 280 456 290 199 465 445 518 100 313 141 317 768 622 799 223 980 323 271 600 829 466 106 537 254 289 126 526 641 287 296 165 252 634 781 798 115 623 820 525 
24 25
50 75 59 99 83 94 78 34 66 73 4 19 52 15 88 84 45 37 10 1 52 28 2 57 
558 914 804 853 375 962 924 720 158 353 437 662 842 972 319 276 900 866 646 229 364 593 654 889 108 
92 2
13 81 74 98 62 7 55 41 29 3 31 52 18 62 18 84 42 18 84 56 74 87 12 56 6 24 37 10 88 61 96 90 44 86 47 96 76 32 40 5 76 49 63 80 66 75 98 99 81 79 52 25 27 46 96 46 70 17 28 9 9 1 7 21 14 23 6 24 22 93 92 27 47 28 34 83 12 65 61 1 50 22 97 79 17 80 23 83 73 61 67 61 
299 877 
77 34
64 58 54 26 34 98 69 75 98 82 2 45 53 27 65 33 40 10 7 62 3 7 58 95 70 74 57 45 59 1 15 94 70 20 40 72 77 72 91 9 43 60 47 83 14 68 3 19 93 81 69 27 90 39 25 72 38 62 88 90 47 92 47 43 81 79 83 88 85 69 27 83 89 40 7 41 89 
779 891 230 618 492 296 870 847 155 867 983 435 728 882 829 711 613 314 794 836 623 330 195 351 155 927 934 252 110 414 972 264 112 675 
7 53
87 9 72 65 99 69 90 
906 596 826 777 488 414 475 568 834 575 209 736 137 252 883 317 711 134 871 129 855 826 483 342 828 367 778 454 146 488 205 783 882 865 101 638 516 454 941 182 356 944 918 987 615 452 539 491 703 122 285 540 401 
68 66
90 46 84 79 78 81 89 21 87 23 60 97 23 36 9 42 30 47 24 41 56 17 20 32 6 67 82 43 47 27 5 92 64 8 50 35 60 40 39 72 85 52 64 92 55 18 80 20 15 2 3 27 91 64 49 13 86 17 18 59 47 12 3 10 56 57 29 73 
156 746 864 357 120 701 432 509 772 340 983 574 847 849 438 740 299 336 260 309 516 613 660 600 754 237 680 732 388 241 743 435 841 261 882 815 283 202 739 565 792 483 387 194 158 348 426 665 476 909 107 143 198 474 607 246 866 772 264 581 602 684 455 933 247 971 
62 12
63 9 39 63 10 20 34 80 58 48 89 80 49 44 64 88 82 78 65 50 69 79 84 53 54 93 2 69 43 60 10 2 20 21 38 36 74 52 15 65 91 2 72 47 7 47 99 98 74 2 38 50 48 46 63 89 10 73 49 27 71 69 
560 402 920 341 705 987 527 566 496 188 503 807 
77 5
19 16 79 90 69 66 95 81 17 15 49 45 73 63 39 42 80 2 7 42 64 36 23 52 37 68 76 50 69 13 68 21 44 45 43 96 6 66 42 84 12 74 71 26 9 34 61 29 38 80 87 80 5 15 24 86 51 17 6 86 81 21 58 14 21 49 3 13 83 79 98 13 89 7 57 50 55 
250 359 745 485 329 
14 14
84 47 60 32 2 41 39 82 41 68 17 3 25 24 
786 137 145 465 690 905 533 678 285 628 263 827 993 968 
94 34
66 39 22 14 64 27 29 97 1 89 55 55 98 90 52 44 47 34 28 30 10 92 59 62 76 54 88 35 14 57 87 85 51 24 60 1 14 14 51 68 57 99 7 30 98 61 26 75 43 17 52 98 73 60 30 5 79 57 80 52 64 49 30 69 96 77 62 34 50 63 41 92 68 14 6 28 29 9 25 18 50 5 32 10 12 31 96 34 91 1 95 22 87 55 
869 445 794 496 355 389 377 260 296 364 702 510 742 422 371 939 474 772 457 900 150 175 568 947 372 968 685 422 257 315 839 143 519 910 
53 20
51 91 3 63 98 43 57 45 31 78 94 13 65 38 31 31 59 18 82 80 79 50 62 72 26 31 50 65 24 68 45 95 81 91 96 25 4 12 43 45 49 31 25 8 83 11 69 19 8 59 62 67 28 
810 934 427 431 405 672 634 707 948 355 336 326 364 612 922 740 671 809 460 863 
63 12
90 19 45 38 46 6 92 54 14 88 45 75 63 68 92 59 2 10 19 52 23 71 73 84 56 42 38 48 81 64 95 40 95 81 11 91 22 85 90 91 17 10 60 32 5 31 13 52 64 36 2 88 71 31 49 15 92 85 67 62 5 87 91 
268 618 578 852 177 945 172 399 641 989 260 852 
96 65
46 44 81 71 73 17 95 74 16 43 11 47 47 94 88 77 55 70 34 15 91 67 80 12 57 24 11 14 75 45 57 67 83 9 77 6 18 80 23 20 30 38 94 65 30 97 4 71 22 46 30 34 62 30 16 3 41 36 93 81 72 91 22 36 27 54 50 57 70 5 23 77 97 66 87 32 90 60 66 68 76 89 16 65 94 72 74 78 33 83 23 46 37 60 4 12 
722 292 209 824 191 798 110 180 136 963 899 504 652 557 312 789 468 253 903 273 688 281 331 700 325 226 622 642 765 824 439 876 296 596 237 922 875 695 879 279 742 420 767 226 181 417 399 875 134 141 997 711 120 454 369 683 263 373 270 942 335 898 267 685 644 
24 22
77 38 46 25 22 54 67 17 78 2 11 19 40 69 26 22 73 17 78 48 22 28 33 20 
694 671 841 693 581 896 732 963 435 433 592 989 350 667 110 418 573 220 705 482 407 434 
15 61
41 59 35 74 45 18 89 30 8 94 90 14 69 29 92 
274 557 634 745 796 724 173 668 753 116 521 749 208 482 155 599 887 954 119 504 929 335 689 394 658 456 141 738 295 819 430 453 421 672 781 296 836 466 774 968 896 403 865 824 124 687 115 949 868 831 508 134 638 125 448 784 823 885 262 416 272 
62 46
39 17 5 72 4 83 66 20 96 86 22 66 71 11 5 29 78 36 96 47 4 17 35 11 61 39 10 86 93 65 92 30 49 55 26 93 45 22 92 89 67 60 52 82 5 31 61 53 21 23 39 81 2 17 12 91 25 41 61 99 30 39 
583 932 392 816 688 205 828 596 180 755 139 722 923 165 199 610 659 974 866 624 879 251 200 868 838 913 968 343 749 333 981 589 803 885 638 120 470 296 613 315 895 728 104 432 889 490 
1 7
9 
801 128 477 989 349 266 143 
10 96
17 83 61 72 46 99 5 55 33 80 
661 620 643 562 606 893 811 755 889 992 950 807 545 576 191 446 503 285 318 272 599 931 832 814 697 759 649 996 695 909 424 202 739 447 746 657 851 699 555 298 867 893 921 307 829 114 190 845 601 938 187 722 821 861 199 367 140 125 521 163 138 388 228 551 156 423 513 340 140 291 955 450 921 591 525 526 749 345 664 187 113 234 355 542 794 699 519 803 593 213 251 236 122 830 744 555 
95 68
15 35 61 18 69 85 31 23 89 41 13 86 97 10 94 34 23 90 28 1 68 11 68 94 20 97 50 38 97 33 66 21 16 86 67 68 38 53 64 73 49 29 88 41 53 6 16 7 65 70 80 30 41 88 1 66 84 73 30 71 20 77 91 87 49 17 9 54 33 17 32 43 24 44 79 38 39 63 67 56 26 41 58 9 82 13 70 88 97 92 25 5 76 39 48 
463 562 449 582 725 393 998 342 522 646 406 865 183 307 221 563 591 662 944 887 696 633 186 506 982 962 606 673 443 280 930 219 324 146 226 105 992 740 826 928 407 718 878 771 147 539 235 744 322 434 419 599 912 154 447 520 747 937 550 767 858 489 968 765 795 679 541 503 
11 70
12 39 58 52 78 59 43 70 28 60 76 
631 108 901 410 731 386 888 241 326 203 771 417 351 909 729 716 183 230 743 794 948 722 945 814 749 582 916 895 245 297 365 628 549 856 650 590 828 578 355 776 317 264 861 586 300 150 621 762 332 925 766 340 427 339 755 897 380 344 915 596 814 138 577 515 422 963 292 704 502 869 
62 74
16 3 62 89 42 15 2 65 10 43 96 12 22 53 73 58 83 9 94 37 29 76 64 41 64 48 51 35 64 41 21 78 42 89 63 19 93 92 86 33 93 5 4 7 42 39 97 18 71 55 27 59 50 11 84 4 43 59 44 75 84 96 
230 822 173 671 403 173 370 201 632 336 147 204 735 381 197 446 987 575 839 542 136 606 140 629 808 239 199 905 224 965 626 617 846 226 623 582 237 203 303 634 950 316 474 461 134 955 529 563 565 370 447 974 595 787 306 824 349 575 343 990 283 575 530 456 859 933 724 563 872 812 664 824 843 357 
76 78
83 71 83 16 50 48 5 59 72 9 16 96 35 97 85 28 30 36 38 83 3 69 76 49 21 3 88 43 46 83 86 22 30 94 94 32 25 14 23 99 84 37 11 69 52 66 61 8 91 76 82 89 79 28 21 1 78 76 36 30 78 20 8 93 1 79 56 15 95 39 74 62 58 18 20 10 
372 727 740 922 528 877 787 795 779 917 260 249 221 952 213 651 183 282 234 931 115 728 369 670 416 712 668 773 291 851 311 134 114 909 739 212 632 209 533 776 584 656 668 763 226 655 112 365 968 269 303 628 452 217 696 644 741 353 350 767 199 739 886 727 793 908 713 718 681 301 811 352 877 866 533 600 650 409 
84 72
38 16 17 73 80 52 39 97 6 4 76 57 50 74 98 37 76 43 64 29 59 17 49 35 89 34 11 17 18 88 95 61 13 23 7 75 50 51 2 21 58 34 45 58 44 24 30 49 79 91 23 65 3 59 6 9 83 25 9 73 40 9 93 23 46 30 6 12 47 40 68 9 43 45 85 51 9 86 29 99 6 25 59 13 
503 457 633 686 746 554 237 209 224 137 694 788 105 144 426 108 903 894 333 684 641 931 764 782 240 998 353 796 221 902 610 577 883 617 118 371 609 538 489 440 244 555 581 144 902 140 593 427 827 122 632 522 270 453 529 896 722 270 896 601 367 240 191 262 632 370 574 804 700 866 938 369 
3 54
1 45 16 
312 187 103 134 509 211 207 849 617 672 462 143 987 627 919 119 812 919 344 332 353 338 935 270 712 325 420 283 495 394 160 464 662 266 215 444 869 735 917 493 560 859 802 223 955 682 596 783 810 451 490 259 419 367 
52 2
85 57 83 42 85 56 13 69 21 72 1 4 68 66 87 13 8 88 71 91 94 24 89 96 45 79 56 86 33 79 41 81 67 86 20 30 24 82 66 70 16 64 92 29 11 11 1 47 72 6 62 14 
702 844 
84 38
67 61 89 84 8 46 85 41 74 41 79 22 47 83 48 10 27 45 41 44 30 55 74 91 48 77 45 34 43 80 86 53 57 31 36 73 88 29 15 32 8 47 66 43 79 63 26 21 65 1 68 96 82 65 70 54 21 42 66 9 18 36 24 53 24 15 13 51 6 42 48 66 52 32 74 44 95 60 4 95 65 55 32 98 
456 433 705 989 201 487 565 522 817 676 675 181 841 490 501 181 741 479 144 239 387 469 318 642 653 765 851 923 146 120 335 933 875 302 853 707 524 716 
57 83
64 12 94 80 85 87 74 14 95 68 40 53 4 92 27 2 99 16 62 80 52 59 99 44 39 89 27 27 65 8 45 78 29 23 25 66 79 29 92 9 17 12 5 9 64 45 73 61 80 82 46 9 27 43 2 60 97 
137 681 463 419 438 896 499 654 317 272 831 868 521 970 558 641 225 420 557 955 961 532 591 441 636 938 883 114 794 535 405 195 426 353 654 206 400 962 916 130 471 527 664 158 462 787 645 332 845 663 998 254 156 740 830 200 530 845 176 266 276 339 182 817 936 380 625 161 132 661 118 150 422 723 940 623 688 253 145 957 449 512 619 
84 48
58 10 9 12 6 85 31 17 7 77 76 75 21 57 92 50 47 36 7 69 36 56 25 4 36 4 67 83 37 68 91 73 13 92 97 55 80 16 74 82 90 92 91 60 49 16 23 52 76 46 35 90 21 12 41 52 38 56 17 96 65 2 17 18 38 98 26 26 99 71 59 2 83 17 5 8 74 18 89 81 66 34 38 51 
778 996 985 470 110 131 823 568 533 649 830 281 807 811 595 443 934 254 920 650 881 885 874 948 851 957 903 362 807 304 422 470 162 698 794 790 838 125 671 691 349 260 422 718 839 576 374 319 
22 46
14 2 21 9 13 67 39 73 31 75 95 54 96 54 85 19 2 5 50 36 77 63 
383 730 787 793 911 261 742 201 965 517 788 970 722 752 260 357 592 493 615 701 296 245 496 772 736 995 282 122 505 450 984 789 627 332 815 822 565 892 874 285 251 927 381 628 532 989 
65 44
92 58 94 32 11 89 81 93 71 91 17 98 60 59 49 60 90 13 66 58 62 55 13 95 42 56 49 66 4 6 43 70 88 53 29 14 16 24 49 44 19 44 36 11 49 33 13 40 29 9 87 81 29 76 86 50 81 53 63 17 32 2 86 17 97 
911 158 374 710 422 972 686 802 339 493 214 637 946 683 807 566 156 466 888 613 856 335 520 190 995 473 192 309 121 315 338 741 413 624 655 803 414 952 935 763 133 156 358 941 
4 32
74 7 90 4 
785 712 336 603 970 239 189 789 535 399 794 574 830 572 520 546 620 659 741 591 731 510 460 979 521 865 143 797 796 229 566 972 
32 36
25 41 85 61 7 7 66 78 14 32 36 2 4 56 75 92 11 87 87 29 27 31 61 13 4 13 36 12 17 76 73 51 
669 604 310 812 661 625 855 616 208 143 769 500 508 670 432 795 395 799 499 623 409 234 465 371 757 338 694 159 160 454 317 219 103 769 304 909 
64 17
89 93 5 49 93 45 49 92 18 58 58 92 41 98 89 34 16 25 88 51 45 68 26 67 13 40 5 85 97 42 4 19 39 9 94 45 7 5 21 48 55 40 95 3 86 99 76 55 2 1 78 41 33 37 65 83 93 11 17 33 90 80 92 70 
891 247 374 777 813 864 268 982 840 474 233 488 492 776 714 651 383 
87 6
84 15 59 38 48 94 27 39 83 21 38 99 92 44 43 93 44 85 58 2 68 91 72 50 84 86 8 75 5 32 69 76 41 72 49 37 61 93 7 41 16 66 54 23 90 46 74 20 27 89 78 94 71 17 34 20 41 91 78 25 90 7 48 64 94 78 75 22 9 9 92 4 35 57 18 68 46 68 23 39 40 51 81 90 55 45 47 
817 970 566 300 654 819 
59 23
74 45 16 72 23 20 30 94 76 18 7 31 77 35 52 26 47 41 60 8 69 77 53 3 95 59 14 10 77 27 28 1 16 10 20 73 80 57 59 54 65 73 60 4 57 74 55 66 95 47 94 51 42 9 65 38 42 37 39 
510 670 372 648 319 218 703 587 791 979 351 904 388 493 416 732 754 533 916 394 229 208 838 
98 33
28 54 38 41 28 45 97 7 84 15 98 37 34 9 98 27 28 24 96 23 93 79 1 41 18 12 43 4 44 52 93 99 41 6 75 73 43 30 78 89 86 41 97 58 44 26 73 27 82 80 67 95 59 64 49 45 71 85 73 21 22 40 10 47 23 14 57 26 38 26 24 95 19 33 66 98 90 23 80 77 65 66 43 55 43 91 97 51 92 27 96 30 59 25 40 67 78 94 
145 928 261 364 126 386 923 427 413 887 136 497 787 393 346 967 949 397 202 156 939 692 174 861 548 244 679 412 326 331 585 516 682 
70 68
8 89 44 48 1 48 33 34 41 64 91 58 69 21 4 32 4 43 85 82 34 37 57 87 15 62 56 31 7 17 92 8 22 79 67 72 83 76 6 98 52 15 4 86 27 68 18 39 73 45 58 24 97 58 17 87 23 32 85 46 23 13 74 55 83 34 13 12 83 64 
493 722 218 190 199 278 535 840 761 243 713 396 805 390 899 687 712 326 613 633 840 465 588 399 907 427 366 397 666 394 957 917 906 777 931 230 130 991 603 800 103 193 896 635 143 653 819 453 423 819 968 971 381 347 980 791 799 151 377 761 199 984 929 677 504 404 547 711 
9 84
57 37 75 69 4 91 1 8 96 
953 724 957 795 349 370 918 427 700 682 944 230 783 181 713 387 438 590 151 289 157 998 679 133 406 669 108 894 455 120 337 427 183 427 506 890 109 227 155 233 889 257 849 288 333 553 348 894 562 229 788 352 153 428 886 853 816 797 662 930 142 202 738 216 791 497 349 922 887 139 870 461 517 284 174 822 431 767 459 159 983 139 652 210 
53 21
23 30 96 72 71 28 59 12 59 25 87 84 83 72 62 81 51 7 56 76 78 17 38 94 24 86 16 46 36 94 38 86 42 60 17 57 41 88 43 13 60 48 30 6 36 11 12 84 27 45 47 34 28 
782 894 610 599 879 121 883 929 645 780 157 377 442 128 390 508 863 940 223 233 612 
23 4
66 73 66 32 66 98 3 39 89 78 15 15 96 58 59 6 19 68 51 35 20 62 98 
612 123 248 937 