90.000000
82.837722
52.793444
32.944615
65.151142
58.596876
4.763932
74.950124
90.937742
11.757359
40.000000
2.000000
70.973702
24.000000
63.801961
76.384227
0.585786
78.658336
6.585786
87.171573
33.394449
18.763932
74.585786
83.857864
85.350889
50.000000
0.000000
26.763932
16.928932
20.837722
79.151142
66.513167
60.000000
88.183346
13.171573
63.055728
79.719890
42.900980
62.000000
11.171573
35.394449
60.291796
4.000000
19.819660
8.384227
2.585786
63.394449
66.183346
22.596876
8.000000
79.780456
14.585786
75.819660
54.000000