69.295300
4.000000
6.000000
55.546376
60.950124
10.837722
19.394449
80.384227
20.343146
73.229670
76.236945
46.000000
49.675445
16.585786
24.876894
94.000000
43.171573
20.763932
32.937742
82.000000
63.527864
67.566019
70.169048
68.837722
50.000000
10.000000
4.763932
13.394449
10.837722
86.837722
21.394449
7.527864
84.000000
28.763932
66.876894
32.585786
58.944615
64.000000
56.169048
43.757359
9.614835
67.527864
94.000000
7.171573
26.596876
44.876894
20.000000
90.000000
56.000000
20.900980
66.937742
14.954639
16.837722
35.719890
12.585786
16.169048
60.950124
8.169048
84.763932
65.566019
80.133931
8.928932
0.000000
37.675445
4.596876
14.000000
16.763932
7.189750
38.937742
32.876894
13.171573
61.819660
62.837722
36.598246
69.819660
9.394449
48.000000
56.000000
59.566019
21.675445
53.819660
28.900980
43.566019
52.876894
67.272078
30.384227
40.343146
17.394449
60.000000
35.780456
86.000000
45.394449
30.837722
24.379501
57.235177
15.527864
18.000000
68.000000
84.369854
82.944615
24.900980
74.000000
85.527864
6.000000
21.394449
23.527864
18.585786
81.889230
44.598246
14.000000
90.000000
87.566019
43.614835
8.000000
27.675445
4.876894
76.169048
22.928932
68.000000
16.000000
2.000000
18.585786
62.900980
73.397675
30.000000
92.585786
48.917237
7.394449
42.000000
75.834475
39.055728
82.763932
14.763932
80.630683
28.917237
40.763932
60.950124
42.793444
53.295300
13.675445
37.757359
22.585786
24.000000
51.675445
81.819660
72.585786
80.876894
70.788897
39.171573
78.384227
41.394449
74.000000
19.614835
88.837722
16.000000
72.876894
10.000000
22.000000
2.000000
61.193752
73.189750
55.753789
33.527864
0.000000
80.876894
60.000000
10.000000
68.000000
44.183346
74.682179
33.107556
2.000000
30.876894
36.100505
10.000000
46.837722
44.000000
15.394449
73.439780
83.780456
80.837722
61.719890
8.000000
71.704370
0.763932
12.837722
60.000000
46.937742
71.475825
23.171573
90.513167
42.000000
19.780456
70.000000