36.169048
10.917237
72.291796
38.470036
69.704370
51.675445
24.900980
14.837722
28.000000
92.900980
10.000000
66.236945
56.876894
28.343146
35.757359
28.513167
92.000000
39.527864
58.585786
78.000000
20.291796
71.394449
6.000000
14.000000
40.291796
70.455996
6.763932
14.000000
74.000000
10.000000
87.819660
46.763932
4.000000
6.837722
49.055728
42.000000
53.857864
26.000000
76.183346
87.801961
48.900980
45.055728
43.675445
44.954639
2.763932
83.614835
72.937742
12.917237
8.000000
72.596876
50.291796
61.675445
94.169048
53.780456
55.394449
38.876894
79.527864
30.000000
16.000000
20.837722
34.937742
12.000000
30.000000
68.837722
89.397675
64.682179
38.000000
42.937742
35.819660
56.944615
0.000000
12.837722
48.928932
61.394449
88.937742
36.000000
23.527864
42.630683
16.000000
78.169048
24.937742
74.702941
30.596876
32.513167
12.837722
21.171573
48.000000
52.598246
36.837722
77.171573
74.559693
46.000000
24.000000
66.369854
54.763932
0.585786
50.944615
40.917237
75.819660
12.876894
65.577795
16.343146
0.000000
38.000000
6.000000
46.596876
18.343146
78.000000
86.000000
83.614835
55.394449
24.763932
18.000000
2.000000
6.585786
2.763932
31.527864
87.719890
52.000000
10.585786
61.704370
40.917237
49.704370
22.000000
2.763932
40.000000
7.171573
10.169048
0.000000
6.000000
2.585786
39.704370
34.596876
2.585786
41.801961
78.954639
25.394449
8.000000
61.753789
29.475825
18.763932
52.837722
0.585786
21.819660
4.000000
76.384227
56.559693
6.000000
79.566019
46.000000
43.614835
82.291796
42.961595
9.394449
40.585786
73.439780
62.291796
43.055728
34.000000
72.188612
10.000000
72.837722
82.000000
26.384227
75.527864
64.000000
30.343146
38.917237
81.819660
74.596876
77.151142
60.338096
45.801961
10.000000
64.937742
44.917237
22.000000
56.763932
28.000000
70.384227
86.837722
74.658336
46.763932
20.343146
5.757359
80.000000
62.937742
24.000000
66.000000
88.596876
68.944615
0.837722
49.527864
82.763932
80.876894
74.876894
89.753789
12.291796
2.000000
12.000000
56.763932
58.788897
16.291796
68.596876
43.719890
71.787330
77.189750
66.585786
58.455996
83.834475
90.455996
39.151142
25.527864
94.000000
2.000000
82.369854
70.000000
65.615224
91.614835
38.596876
86.000000
56.369854
12.000000
21.394449
92.928932
53.514719
86.837722
18.900980
56.837722
22.000000
6.000000
16.900980
78.133931
6.928932
66.837722
10.000000
46.917237
77.834475
8.876894
62.763932
86.961595
39.394449
62.169048
10.513167
74.954639
28.944615
9.514719
46.000000
41.675445
85.566019
36.585786
10.763932
16.000000
85.704370
33.171573
16.763932
46.000000
2.000000
6.000000
72.169048
72.596876
38.000000
68.470036
47.527864
2.585786
86.900980
57.055728
50.763932
56.900980
46.369854
85.675445
71.614835
16.585786
11.757359
76.900980
77.350889
12.585786
42.338096
39.229670
45.189750
86.000000
90.455996
64.169048
86.837722
92.291796
55.527864
28.455996
4.000000
45.189750
78.150567
44.169048
54.302284
58.917237
6.000000
40.384227
59.780456
67.857864
48.876894
58.788897
56.954639
59.107556
74.000000
40.658336
62.837722
39.719890
0.585786
71.787330
62.763932
39.675445
84.559693
7.171573
22.876894
33.614835
2.000000
50.977284
68.763932
6.837722
35.527864
18.000000
70.928932
3.757359
36.928932
20.291796
70.455996
14.585786
26.837722
90.763932
58.937742
2.000000
61.675445
63.439780
5.171573
38.000000
84.133931
96.000000
92.000000
84.343146
49.189750
85.819660
0.585786
80.764616
57.394449
88.944615
54.000000
84.000000
80.559693
46.763932
43.171573
17.394449
46.876894
76.000000
81.834475
70.507144
58.598246
28.291796
2.837722
20.598246
59.675445
32.928932
5.394449
6.000000
72.763932
47.527864
76.000000
68.291796
52.455996
34.000000
43.757359
37.350889
95.171573
0.000000
48.928932
18.876894
54.343146
67.675445
46.585786
68.000000
40.958405
17.757359
88.343146
24.763932
10.876894
14.000000
8.000000
36.071612
84.928932
22.763932
63.847054
22.763932
14.876894
40.000000
53.719890
8.169048
22.763932
49.757359
15.171573
36.598246
89.189750
12.000000
94.000000
18.000000
81.719890
45.347524
48.837722
32.682179
65.819660
68.751712
44.876894
2.000000
21.614835
8.000000
40.917237
36.837722
60.000000
82.937742
58.000000
22.763932
47.614835
76.455996
20.958405
43.394449
9.394449
48.596876
2.763932
69.889230
88.944615
94.763932
65.171573
81.882757
10.763932
10.763932
10.000000
19.171573
89.514719
80.763932
20.000000
32.000000
42.763932
25.614835
48.596876
20.763932
10.763932
26.928932
35.171573
18.000000
76.900980
6.837722
20.000000
35.527864
32.837722
94.000000
38.763932
16.000000
4.763932
64.000000
21.614835
80.000000
15.757359
2.000000
3.394449
72.000000
75.171573
22.876894
84.763932
5.394449
74.900980
82.000000
72.958405
12.917237
10.513167
26.000000
15.171573
22.763932
36.000000
86.000000
64.000000
6.837722
38.291796
76.721179
64.000000
18.837722
40.837722
18.000000
55.189750
38.291796
34.338096
85.055728
50.837722
18.000000
49.719890
39.757359
22.837722
68.000000
58.876894
81.189750
62.917237
70.356683
73.171573
45.394449
2.000000
8.000000
26.000000
51.757359
44.763932
27.675445
34.598246
14.763932
76.000000
29.527864
49.397675
56.000000
19.527864
10.000000
35.189750
14.000000
68.937742
24.928932
50.133931
2.763932
24.583592
80.950124
8.876894
10.585786
0.000000
16.585786
4.000000
53.780456
86.000000
48.837722
19.394449
20.000000
94.000000
2.000000
50.384472
46.876894
71.834475
14.837722
80.513167
64.236945
17.527864
68.837722
18.585786
51.394449
18.169048
83.475825
54.928932
28.000000
15.527864
34.598246
30.596876
62.876894
82.966704
70.183346
32.917237
72.000000
33.394449
36.000000
71.780456
48.928932
57.350889
46.000000
27.394449
49.675445
54.937742
86.937742
4.837722
4.000000
2.000000
92.169048
17.757359
80.169048
16.585786
49.719890
85.189750
89.514719
23.189750
73.867254
84.596876
47.514719
62.000000
42.763932
76.000000
54.837722
39.394449
80.788897
23.719890
60.788897
29.394449
80.133931
62.937742
31.171573
82.000000
57.704370
93.675445
35.394449
20.788897
20.837722
40.343146
50.384227
16.000000
26.837722
10.000000
32.000000
79.780456
42.763932
22.837722
68.937742
18.000000
80.455996
41.397675
86.917237
75.780456
48.958405
0.585786
20.837722
65.875485
26.000000
22.900980
42.876894
63.857864
63.527864
24.585786
86.000000
61.394449
28.000000
93.171573
86.900980
26.000000
45.719890
0.763932
8.343146
34.596876
64.928932
4.000000
78.596876
30.291796
18.291796
46.900980
54.000000
32.000000
86.000000
73.171573
32.763932
50.169048
55.916954
54.950124
73.614835
49.757359
44.000000
82.513167
69.675445
89.394449
29.394449
35.719890
78.917237
12.928932
44.000000
30.585786
38.169048
60.937742
4.763932
6.900980
16.000000
0.000000
34.559693
60.937742
22.763932
42.900980
82.928932
4.837722
66.000000
26.291796
0.000000
17.394449
48.596876
71.819660
63.757359
51.704370
52.000000
32.928932
18.900980
52.958405
83.566019
2.000000
32.000000
53.867254
2.000000
45.757359
82.000000
20.900980
46.928932
44.000000
12.900980
68.000000
56.000000
48.928932
2.000000
22.837722
76.384472
0.000000
24.900980
93.394449
30.937742
49.614835
78.000000
19.171573
44.100505
78.837722
62.961595
50.793444
42.596876
61.394449
54.000000
56.958405
52.900980
75.398529
22.928932
18.900980
46.900980
64.000000
8.291796
74.876894
30.000000
80.455996
70.596876
26.596876
52.682179
77.719890
28.917237
60.837722
42.763932
0.000000
38.000000
68.384227
24.000000
0.000000
26.384227
87.229670
53.055728
19.394449
72.291796
57.780456
27.527864
73.847054
19.527864
76.000000
20.837722
48.682179
29.780456
58.788897
52.000000
54.702941
51.577795
65.834475
92.928932
8.000000
76.763932
4.763932
66.169048
37.614835
43.614835
2.000000
2.763932
22.596876
14.763932
16.000000
2.000000
80.968780
66.167132
82.000000
69.675445
82.966704
36.000000
28.000000
44.000000
88.384227
76.876894
12.876894
46.000000
60.900980
76.763932
43.757359
35.152681
78.763932
32.000000
20.837722
85.780456
56.972244
38.876894
2.585786
78.900980
43.614835
46.937742
0.585786
22.763932
58.793444
76.000000
80.000000
0.763932
2.928932
69.719890
87.675445
2.000000
43.675445
40.291796
51.847054
44.000000
22.585786
90.384227
2.000000
10.000000
36.928932
31.189750
4.585786
16.876894
14.900980